depot (x,y)
0 0
time horizon
2000
#id x(pickup) y(pickup) x(delivery) y(delivery) arrival_time people (0) or parcel (1)
0 9 8 3 3 1 0
1 3 11 10 10 100 1
2 3 7 15 16 200 1
3 9 4 15 2 300 0
4 6 6 2 16 400 0 
5 21 8 10 5 500 1
6 14 16 20 4 600 0
7 14 7 10 13 700 1
8 18 5 14 10 800 1
9 10 1 1 16 900 1
10 9 12 16 10 1000 0
11 12 10 3 9 1100 0
12 5 16 4 14 1200 1
13 12 2 4 9 1300 1 
14 17 12 6 14 1400 0
15 19 10 4 13	1500 1
16 2 3	11 14 1600 0
17 15 2	2 13 1700 1
18 11 15 3 7	1800 1
19 20 3	4 9 1900 0
20 12 6	10 8 2000 1
-1