depot (x,y)
0 0
time horizon
72000
#id x(pickup) y(pickup) x(delivery) y(delivery) arrival_time people (0) or parcel (1)
0 18 9 14 8 165 1
1 1 12 7 5 296 0
2 9 0 17 11 417 0
3 7 7 3 9 668 1
4 5 14 17 16 925 0
5 16 5 3 11 1072 1
6 14 8 16 3 1218 0
7 10 19 18 0 1344 1
8 18 10 4 1 1531 1
9 17 6 12 7 1691 0
10 13 0 10 15 1828 0
11 7 18 8 5 2018 1
12 18 13 18 1 2281 0
13 7 0 9 9 2404 1
14 10 5 6 19 2637 1
15 18 5 16 12 2937 1
16 6 13 13 3 3101 1
17 8 17 15 2 3327 1
18 17 14 16 2 3627 1
19 18 8 7 1 3845 1
20 11 11 7 0 4006 1
21 10 9 4 7 4175 1
22 0 12 18 4 4435 0
23 5 8 19 8 4696 1
24 17 0 6 9 4980 0
25 14 10 12 14 5269 0
26 13 18 3 12 5419 0
27 7 17 9 5 5643 0
28 18 8 17 2 5919 0
29 12 2 19 13 6064 1
30 18 0 7 13 6202 1
31 11 4 7 7 6387 1
32 13 13 2 11 6565 1
33 2 6 3 13 6691 1
34 16 7 2 0 6986 0
35 9 9 4 19 7196 0
36 19 0 2 14 7324 0
37 1 0 7 3 7463 1
38 13 18 17 2 7760 1
39 8 1 7 12 8031 0
40 2 17 16 9 8319 1
41 15 13 6 11 8472 0
42 7 9 6 4 8604 1
43 16 3 9 11 8758 0
44 5 17 7 10 8964 0
45 16 6 6 7 9237 0
46 3 13 13 6 9531 0
47 1 5 1 7 9670 1
48 10 17 0 10 9965 1
49 14 17 14 8 10176 0
50 19 0 7 10 10466 0
51 17 11 1 4 10684 1
52 13 19 9 8 10915 0
53 18 15 17 19 11153 1
54 10 3 11 16 11338 0
55 12 1 8 15 11481 1
56 18 3 18 13 11701 0
57 13 6 17 11 11981 1
58 15 2 13 13 12136 0
59 8 19 7 11 12326 1
60 8 6 11 14 12624 0
61 16 7 14 0 12767 1
62 18 13 3 9 12965 0
63 12 11 12 16 13156 0
64 1 13 16 14 13284 1
65 8 8 5 0 13449 1
66 3 8 0 7 13604 0
67 19 0 4 2 13807 0
68 0 9 10 4 14097 0
69 19 5 6 14 14379 0
70 9 6 12 16 14500 0
71 8 4 1 1 14643 1
72 12 11 16 9 14825 1
73 15 6 18 6 15123 0
74 1 8 10 4 15371 0
75 9 5 1 14 15657 0
76 10 8 15 13 15917 0
77 18 10 10 6 16052 0
78 17 2 5 11 16200 0
79 3 18 1 14 16406 0
80 3 1 2 1 16572 0
81 13 12 11 1 16762 1
82 3 7 4 9 17020 1
83 6 10 12 1 17194 1
84 13 6 11 17 17451 0
85 18 8 5 6 17584 0
86 16 0 19 0 17864 0
87 7 10 10 3 18093 0
88 14 13 1 6 18291 0
89 17 17 1 0 18411 0
90 13 16 8 4 18629 0
91 16 6 6 15 18808 1
92 12 11 9 15 19053 1
93 17 2 7 18 19179 0
94 14 11 19 12 19476 1
95 4 3 1 14 19652 0
96 4 8 18 2 19893 1
97 0 8 1 15 20071 1
98 18 2 11 5 20360 1
99 17 8 13 11 20580 0
100 11 6 17 15 20813 1
101 3 10 6 6 21074 1
102 13 12 3 0 21344 0
103 0 7 11 16 21624 0
104 0 5 10 15 21747 1
105 19 2 9 9 22017 0
106 7 9 3 7 22298 0
107 17 8 6 10 22597 0
108 14 15 2 8 22876 0
109 14 1 16 16 23023 0
110 19 1 6 12 23257 1
111 17 0 6 4 23529 0
112 3 8 19 14 23793 1
113 9 9 18 18 24038 0
114 2 8 14 2 24235 0
115 15 14 7 11 24430 1
116 15 13 16 10 24707 0
117 8 15 18 1 24844 1
118 6 10 7 2 24982 0
119 16 0 12 5 25134 0
120 7 15 11 15 25428 0
121 2 2 2 17 25576 0
122 3 19 12 14 25820 1
123 16 13 9 12 26073 0
124 19 3 9 8 26280 1
125 11 5 2 8 26470 0
126 10 3 0 10 26752 1
127 19 15 6 19 26929 1
128 1 7 6 15 27121 1
129 12 11 7 14 27287 0
130 1 6 0 5 27461 0
131 9 16 13 10 27705 1
132 12 14 19 10 27982 1
133 3 8 5 0 28223 0
134 9 19 0 8 28471 1
135 7 0 13 1 28662 1
136 3 19 19 12 28807 0
137 13 0 13 0 28928 0
138 5 7 10 4 29071 1
139 16 4 14 0 29371 1
140 3 13 16 11 29607 1
141 7 2 0 10 29789 1
142 9 10 16 2 30020 0
143 18 14 7 7 30274 0
144 13 11 19 7 30562 1
145 18 1 11 6 30780 1
146 17 15 5 10 31025 1
147 15 7 17 2 31309 0
148 15 19 16 3 31590 1
149 19 1 2 4 31865 0
150 4 14 12 18 32106 1
151 5 6 18 5 32358 0
152 11 5 8 5 32633 1
153 16 5 6 17 32876 0
154 10 12 17 6 33027 0
155 10 5 15 3 33150 1
156 15 8 5 10 33387 1
157 2 1 19 13 33607 1
158 18 9 3 14 33836 1
159 5 3 11 1 34120 1
160 0 18 2 0 34299 1
161 10 8 7 12 34494 1
162 5 19 5 17 34669 1
163 16 1 10 15 34865 0
164 15 11 13 6 35121 0
165 5 14 18 15 35286 1
166 17 12 10 9 35520 0
167 13 4 3 7 35689 0
168 15 5 0 15 35907 1
169 4 9 12 6 36207 1
170 8 7 10 4 36377 1
171 18 12 3 0 36527 1
172 19 15 9 16 36821 1
173 9 18 11 7 37104 0
174 7 16 3 8 37298 1
175 14 9 4 8 37513 0
176 5 13 11 16 37651 0
177 16 8 19 10 37891 0
178 12 3 13 5 38139 1
179 18 16 12 7 38286 0
180 13 5 3 10 38544 1
181 15 18 12 14 38666 1
182 2 12 18 5 38860 1
183 16 6 12 6 39148 0
184 4 10 8 16 39383 1
185 12 12 8 13 39625 0
186 8 15 12 2 39845 0
187 16 9 14 12 40124 0
188 10 8 16 4 40423 0
189 14 13 15 3 40550 0
190 6 8 11 9 40717 0
191 7 5 4 8 40904 1
192 1 12 17 14 41064 0
193 1 0 2 6 41330 0
194 8 2 0 15 41508 1
195 3 3 11 9 41710 1
196 16 3 9 11 41906 1
197 19 18 16 13 42137 0
198 17 11 13 6 42290 1
199 14 14 9 19 42514 0
200 10 18 8 10 42717 0
201 12 17 1 0 42837 0
202 10 12 11 19 43041 1
203 0 13 8 18 43314 0
204 5 1 5 0 43479 1
205 7 9 11 0 43678 0
206 2 0 11 12 43832 0
207 0 1 17 14 43989 1
208 0 11 1 2 44257 1
209 0 1 0 2 44527 1
210 4 5 10 2 44778 0
211 8 14 7 18 45017 1
212 5 11 17 17 45255 1
213 1 6 0 8 45407 1
214 8 19 10 15 45694 0
215 7 9 6 17 45922 0
216 4 11 7 7 46122 1
217 1 9 12 1 46316 0
218 11 7 19 15 46483 1
219 13 18 17 6 46655 0
220 15 19 14 16 46946 0
221 8 11 16 19 47109 0
222 10 8 7 18 47239 0
223 11 2 5 10 47521 0
224 5 2 19 5 47672 1
225 17 3 6 3 47870 1
226 8 11 19 11 48147 1
227 13 9 4 16 48446 1
228 15 2 1 8 48664 0
229 19 9 17 7 48874 1
230 2 19 17 1 49069 0
231 19 4 3 17 49259 1
232 19 6 19 17 49415 0
233 5 7 12 1 49670 0
234 1 15 1 0 49949 0
235 4 18 9 13 50132 0
236 8 10 1 18 50430 1
237 16 6 10 1 50668 0
238 4 9 0 3 50911 0
239 15 5 15 14 51153 0
240 16 16 3 17 51447 0
241 0 9 0 1 51672 1
242 16 4 12 18 51902 0
243 9 13 18 15 52108 1
244 15 16 10 9 52258 0
245 7 12 10 13 52485 0
246 19 8 11 15 52656 0
247 13 10 9 5 52831 1
248 14 7 10 3 53057 0
249 2 8 6 0 53259 0
250 5 1 16 8 53492 0
251 1 0 4 10 53654 1
252 10 2 3 15 53785 0
253 11 12 16 0 54000 1
254 7 3 17 6 54245 1
255 11 13 10 12 54461 1
256 10 3 12 0 54660 1
257 18 16 1 8 54830 0
258 16 9 4 6 54966 0
259 5 0 5 10 55088 1
260 1 1 8 2 55249 1
261 16 2 13 12 55496 0
262 2 12 6 2 55660 1
263 14 15 2 16 55914 0
264 10 3 13 2 56212 1
265 0 16 13 14 56486 0
266 12 4 12 16 56719 1
267 0 4 14 5 57009 1
268 10 3 3 0 57207 1
269 13 10 6 9 57490 0
270 7 17 19 0 57771 0
271 16 10 16 8 58055 1
272 3 18 4 17 58210 0
273 14 16 9 12 58430 0
274 19 13 8 8 58577 1
275 9 0 13 17 58777 1
276 8 1 15 13 58945 1
277 2 12 2 2 59177 1
278 9 11 4 14 59300 1
279 6 7 11 19 59489 1
280 2 0 11 4 59666 1
281 1 6 18 19 59820 1
282 8 0 1 15 60033 1
283 12 14 8 7 60263 1
284 19 5 11 0 60476 1
285 18 15 1 4 60681 0
286 19 15 16 17 60907 0
287 2 8 4 5 61089 0
288 10 0 13 16 61221 0
289 4 12 1 13 61396 0
290 7 9 6 8 61551 0
291 17 3 19 17 61753 0
292 8 0 14 1 61960 1
293 10 6 14 5 62141 0
294 7 4 13 19 62410 0
295 4 18 0 5 62648 0
296 11 3 10 11 62883 1
297 15 0 0 19 63151 1
298 7 14 0 14 63311 0
299 10 11 12 16 63543 1
300 2 4 9 15 63754 1
301 19 9 17 1 63929 0
302 13 13 18 16 64080 1
303 4 7 6 3 64277 1
304 7 6 16 17 64567 1
305 12 13 13 19 64849 1
306 19 8 16 17 65128 0
307 5 19 9 9 65321 1
308 6 6 14 6 65476 1
309 15 19 16 7 65692 1
310 8 11 11 8 65874 1
311 6 4 2 19 66167 1
312 12 15 12 5 66294 1
313 5 7 8 5 66492 1
314 11 18 16 5 66736 0
315 6 17 11 7 66902 0
316 18 4 6 13 67065 1
317 3 5 17 8 67355 1
318 4 4 17 18 67636 1
319 3 0 6 3 67766 1
320 19 13 12 16 67995 0
321 3 10 8 18 68265 0
322 19 14 13 8 68438 0
323 12 8 12 13 68584 1
324 2 2 19 0 68829 1
325 5 1 1 9 68980 1
326 12 17 4 14 69215 1
327 6 2 11 8 69447 0
328 14 2 18 12 69657 1
329 4 18 2 15 69814 0
330 10 18 9 3 70052 1
331 16 14 9 0 70246 1
332 1 12 2 14 70471 0
333 7 2 6 12 70697 0
334 12 4 15 15 70913 1
335 4 9 3 8 71134 1
336 14 19 7 9 71409 1
337 4 17 15 1 71550 0
338 7 8 18 1 71793 0
-1
