depot (x,y)
0 0
time horizon
36000
#id x(pickup) y(pickup) x(delivery) y(delivery) arrival_time people (0) or parcel (1)
0 8 5 7 0 227 1
1 6 8 9 2 534 1
2 7 3 0 8 1131 1
3 4 6 7 5 1393 0
4 9 5 2 5 1651 1
5 8 9 0 2 2712 1
6 6 1 7 3 2964 0
7 0 9 5 4 3648 1
8 2 5 2 0 4264 1
9 7 7 0 0 4717 1
10 8 4 2 2 4961 0
11 1 6 0 7 6118 1
12 0 3 9 0 6774 1
13 1 7 3 2 7774 0
14 3 4 1 1 8033 0
15 1 1 5 2 8691 1
16 1 0 8 2 8867 1
17 8 0 9 0 9240 0
18 7 0 2 9 10241 0
19 5 8 6 2 10412 0
20 7 8 7 9 10608 0
21 2 4 5 5 10825 0
22 7 0 3 7 11525 0
23 9 6 3 7 12557 1
24 5 9 4 3 12980 1
25 8 8 5 5 14078 1
26 6 5 9 0 15245 1
27 2 7 6 9 16018 0
28 8 0 9 2 16445 1
29 3 1 6 4 17518 0
30 6 5 5 6 17934 1
31 7 9 2 1 18697 0
32 3 2 2 2 19250 0
33 1 1 1 0 20245 0
34 5 5 5 2 21009 0
35 3 8 1 0 21887 0
36 9 2 2 1 22385 1
37 4 4 6 8 22853 1
38 0 0 4 9 23447 1
39 8 4 7 6 24254 1
40 4 5 4 9 25216 0
41 4 6 1 0 26056 0
42 4 6 8 6 26428 0
43 2 4 2 8 27524 0
44 3 8 5 3 28396 1
45 8 6 5 0 28959 0
46 4 5 7 4 29275 0
47 3 6 3 4 30415 0
48 4 0 9 8 30815 1
49 3 9 1 1 31666 0
50 8 1 4 9 32430 1
51 6 0 5 5 33442 1
52 7 2 8 9 33565 0
53 6 4 9 6 34683 0
54 1 8 3 7 35336 0
55 3 8 3 8 35881 1
-1