depot (x,y)
0 0
time horizon
72000
#id x(pickup) y(pickup) x(delivery) y(delivery) arrival_time people (0) or parcel (1)
0 0 10 1 17 340 0
1 3 9 0 17 712 0
2 2 14 13 16 1399 1
3 12 17 6 16 2051 1
4 12 18 4 3 2765 1
5 2 6 15 3 3307 1
6 19 12 6 4 3791 0
7 0 18 16 15 4410 0
8 0 16 15 14 5220 1
9 19 0 14 1 5868 0
10 8 13 16 5 6179 0
11 19 17 9 9 6862 0
12 1 16 16 16 7197 1
13 6 15 0 0 7606 1
14 10 12 0 2 8271 1
15 18 8 16 0 8816 1
16 7 6 6 2 9352 0
17 9 12 9 1 9898 1
18 4 14 3 7 10335 0
19 9 6 10 14 11158 0
20 6 11 7 1 11927 0
21 10 15 1 17 12658 0
22 13 3 17 2 13226 0
23 12 6 14 13 13892 0
24 13 11 1 17 14599 1
25 1 11 5 2 15171 0
26 9 14 2 14 15846 0
27 15 17 0 19 16512 1
28 15 8 19 19 16859 1
29 19 2 15 19 17166 0
30 0 15 17 10 17514 0
31 10 15 3 17 18063 0
32 9 15 17 3 18825 1
33 2 18 1 15 19358 0
34 10 7 8 5 19989 0
35 14 5 19 2 20702 1
36 7 0 8 5 21072 1
37 4 0 19 17 21628 0
38 3 5 8 19 22138 0
39 11 15 5 3 22469 1
40 8 9 16 2 23255 1
41 16 1 19 3 24003 0
42 9 18 18 3 24485 0
43 17 17 15 3 24898 1
44 13 6 1 2 25256 1
45 1 8 3 6 26011 1
46 5 16 7 5 26648 1
47 0 0 5 8 27110 0
48 10 0 15 11 27767 0
49 19 9 3 18 28534 1
50 10 13 10 9 29388 1
51 17 13 11 3 29800 0
52 3 9 10 7 30686 0
53 8 10 16 9 31401 0
54 0 7 1 9 32144 0
55 15 16 4 10 32872 1
56 19 17 8 12 33533 0
57 13 19 11 16 33841 0
58 11 0 12 13 34346 0
59 2 1 10 8 35099 0
60 0 13 3 6 35891 1
61 3 4 9 3 36588 1
62 15 18 19 17 37202 0
63 16 0 14 5 37892 1
64 16 11 16 9 38203 1
65 7 13 17 4 38895 1
66 6 2 4 7 39305 0
67 12 11 17 9 40195 1
68 8 18 15 7 40737 1
69 7 12 5 3 41573 1
70 10 12 10 1 42461 1
71 6 12 1 13 42771 0
72 13 16 1 11 43616 1
73 3 17 18 1 44185 0
74 17 4 1 3 45057 1
75 2 19 1 11 45903 1
76 0 3 4 5 46350 1
77 17 0 8 15 47086 1
78 19 9 16 0 47721 0
79 13 5 14 13 48249 1
80 16 14 16 3 48721 1
81 14 7 3 3 49341 1
82 0 12 2 5 50190 1
83 0 1 12 9 50619 0
84 1 15 5 9 51384 0
85 0 19 14 1 51849 1
86 12 1 18 6 52271 0
87 13 13 3 17 52996 0
88 0 15 10 7 53812 1
89 14 15 19 18 54197 0
90 5 7 4 11 54596 0
91 17 12 8 11 55214 1
92 0 2 10 5 55791 0
93 4 1 16 7 56429 1
94 14 2 7 19 57016 0
95 9 9 17 16 57707 1
96 8 18 2 13 58212 1
97 0 11 18 13 59043 1
98 3 15 12 5 59877 1
99 16 8 2 15 60199 1
100 8 8 1 17 60667 0
101 11 10 14 16 61471 1
102 6 17 18 13 62023 1
103 19 3 3 13 62610 0
104 16 0 4 16 63409 0
105 7 0 15 11 63863 1
106 13 8 13 6 64268 0
107 7 17 11 5 64917 1
108 1 8 7 13 65478 0
109 6 10 3 9 66215 0
110 10 8 10 13 66994 1
111 10 19 19 8 67813 0
112 0 3 3 13 68318 0
113 6 5 2 0 69069 1
114 14 6 11 7 69928 1
115 18 1 14 17 70248 0
116 5 9 7 16 70997 0
117 4 11 17 8 71587 1
-1
