depot (x,y)
0 0
time horizon
72000
#id x(pickup) y(pickup) x(delivery) y(delivery) arrival_time people (0) or parcel (1)
0 15 9 12 9 215 0
1 0 16 18 4 500 0
2 8 0 16 2 672 1
3 11 3 11 0 792 1
4 6 0 8 0 1054 0
5 5 8 8 7 1292 1
6 13 13 18 9 1576 0
7 14 18 15 17 1772 1
8 5 1 9 17 2055 1
9 16 12 1 5 2215 0
10 19 6 10 10 2349 0
11 14 11 3 7 2499 0
12 6 18 14 12 2691 1
13 3 7 16 12 2846 1
14 13 13 8 5 3116 1
15 1 0 13 9 3373 1
16 0 10 19 14 3520 0
17 14 12 15 8 3739 0
18 9 8 12 17 3955 0
19 4 8 12 18 4079 0
20 4 13 10 15 4331 0
21 12 0 12 3 4525 1
22 19 10 3 6 4705 0
23 17 2 10 19 4871 0
24 13 10 5 4 5091 1
25 8 2 12 1 5258 1
26 1 17 10 12 5479 1
27 9 16 16 19 5613 0
28 16 4 8 2 5846 1
29 16 10 6 13 6090 1
30 0 2 9 11 6317 1
31 18 5 15 9 6577 0
32 15 10 19 6 6776 0
33 6 8 8 19 7018 0
34 0 16 11 9 7207 0
35 1 15 16 16 7406 0
36 4 0 12 12 7662 1
37 14 11 14 9 7832 0
38 6 14 7 0 7973 1
39 10 10 7 18 8175 0
40 6 4 8 17 8421 0
41 8 7 9 15 8720 0
42 16 9 8 13 8980 0
43 9 8 14 11 9121 0
44 5 14 17 2 9275 0
45 1 15 12 11 9397 1
46 17 8 15 15 9588 1
47 10 8 6 2 9798 1
48 8 16 11 3 10027 0
49 17 0 11 6 10279 0
50 17 16 15 14 10451 0
51 3 8 3 12 10705 1
52 18 16 6 8 10840 1
53 1 1 15 5 11123 0
54 18 8 6 17 11275 1
55 13 7 14 13 11485 0
56 15 6 1 0 11695 1
57 6 1 3 1 11821 0
58 18 19 16 14 12064 0
59 6 8 5 13 12235 0
60 2 3 19 13 12400 0
61 10 5 3 5 12603 0
62 6 6 18 16 12804 1
63 11 13 12 8 13057 0
64 0 1 16 10 13221 1
65 4 4 14 0 13393 1
66 8 0 11 16 13611 1
67 1 18 12 12 13896 1
68 1 16 7 18 14127 0
69 3 2 2 0 14342 1
70 14 10 1 10 14546 0
71 18 16 15 3 14750 1
72 12 16 8 8 15035 0
73 8 6 18 10 15164 1
74 12 7 3 13 15400 1
75 16 3 5 10 15589 0
76 14 7 7 9 15709 1
77 0 4 2 3 15834 1
78 14 5 2 4 16007 1
79 3 17 7 9 16265 1
80 2 16 17 13 16506 0
81 2 0 13 1 16714 0
82 0 7 7 8 16950 1
83 9 17 5 17 17107 1
84 17 19 13 19 17320 0
85 7 17 0 13 17441 1
86 12 10 6 4 17690 1
87 16 10 6 5 17822 1
88 14 6 11 9 18028 0
89 8 4 15 7 18252 0
90 15 5 12 15 18542 1
91 2 2 17 18 18683 0
92 9 6 8 10 18824 1
93 1 12 1 14 19072 0
94 8 10 16 10 19201 0
95 18 0 9 4 19324 0
96 15 1 4 8 19446 0
97 19 4 15 1 19579 1
98 7 14 15 0 19873 1
99 12 18 9 19 20085 1
100 19 2 17 3 20385 1
101 1 4 4 0 20513 0
102 11 1 19 17 20790 0
103 12 1 19 11 20910 1
104 9 5 4 8 21073 0
105 5 13 13 5 21248 0
106 17 9 2 0 21484 1
107 4 8 3 9 21737 0
108 16 13 3 15 21909 1
109 19 9 5 0 22165 1
110 14 2 19 6 22319 0
111 5 1 19 16 22599 1
112 2 4 7 6 22895 1
113 7 16 16 1 23052 1
114 16 9 16 9 23223 0
115 6 17 19 9 23344 0
116 14 3 2 13 23509 1
117 6 18 7 17 23688 0
118 18 15 7 3 23813 0
119 17 16 17 0 24020 0
120 19 4 8 1 24197 0
121 16 16 8 13 24389 1
122 19 14 3 5 24509 1
123 8 2 9 14 24799 1
124 2 15 16 9 25097 0
125 13 3 17 16 25255 0
126 2 8 19 16 25438 1
127 16 13 13 6 25613 1
128 12 2 6 12 25800 0
129 2 4 17 4 26007 1
130 18 16 16 0 26219 1
131 14 9 16 0 26421 1
132 2 1 14 1 26554 0
133 4 19 16 5 26789 0
134 14 0 14 4 26949 1
135 13 3 2 2 27194 0
136 14 11 2 7 27395 0
137 7 0 5 10 27678 1
138 5 5 7 8 27838 0
139 12 0 12 2 28038 1
140 4 8 7 3 28200 1
141 7 14 10 11 28488 0
142 14 11 16 12 28711 0
143 3 11 3 1 28839 0
144 7 14 2 1 29120 0
145 17 5 17 18 29365 0
146 6 11 13 11 29566 1
147 16 15 17 9 29826 0
148 4 8 18 0 30125 0
149 13 19 19 19 30399 0
150 7 3 0 13 30565 1
151 14 7 0 3 30709 1
152 2 3 7 18 30837 1
153 11 7 3 1 31133 0
154 3 14 0 2 31316 0
155 0 17 9 17 31604 0
156 17 4 3 14 31894 1
157 9 2 7 11 32027 1
158 12 2 2 2 32302 0
159 5 4 13 15 32518 1
160 14 4 7 2 32640 1
161 18 1 16 0 32775 1
162 17 9 6 7 33006 0
163 2 10 12 9 33177 0
164 3 9 13 14 33465 0
165 7 10 9 15 33639 0
166 14 5 9 15 33805 1
167 8 4 0 0 33961 1
168 2 18 3 3 34109 1
169 13 0 7 5 34368 0
170 16 5 11 12 34640 1
171 5 5 2 3 34939 1
172 17 12 8 6 35085 0
173 11 7 16 2 35226 0
174 17 2 14 18 35414 1
175 7 19 18 6 35623 1
176 2 16 1 3 35862 0
177 15 13 3 17 36015 0
178 9 15 3 13 36144 1
179 10 19 10 11 36379 1
180 8 15 16 14 36574 1
181 0 8 1 14 36872 0
182 1 14 10 9 37148 1
183 16 5 18 8 37355 0
184 6 3 5 14 37623 0
185 12 14 16 18 37786 1
186 14 17 13 12 38023 0
187 15 9 8 3 38274 0
188 1 3 12 5 38484 1
189 14 5 6 3 38781 0
190 5 3 10 8 39024 1
191 4 5 12 3 39318 1
192 1 3 19 7 39550 1
193 3 5 2 5 39749 1
194 19 5 4 19 39939 0
195 13 17 15 17 40156 1
196 18 14 3 1 40299 1
197 11 6 15 7 40564 0
198 1 6 6 10 40812 1
199 6 18 6 17 41043 0
200 19 19 14 14 41336 1
201 0 7 3 0 41532 1
202 12 8 1 0 41829 1
203 2 13 7 7 42008 1
204 5 10 1 14 42211 0
205 16 4 0 3 42403 0
206 4 12 12 16 42546 0
207 17 5 13 6 42761 0
208 15 16 6 18 42992 0
209 2 5 15 4 43280 1
210 15 19 10 11 43535 0
211 14 1 15 17 43704 1
212 1 11 5 14 43841 0
213 5 2 0 2 44132 1
214 5 0 4 0 44392 0
215 13 8 16 5 44650 0
216 12 16 14 4 44864 0
217 13 14 15 8 45023 1
218 17 4 3 6 45162 1
219 13 4 2 9 45336 1
220 7 7 3 3 45463 0
221 19 0 3 12 45639 0
222 14 19 19 10 45889 0
223 10 16 7 3 46055 0
224 7 15 5 13 46326 0
225 16 14 12 3 46509 1
226 1 0 11 11 46782 1
227 14 15 5 5 47012 0
228 2 4 3 6 47194 1
229 16 9 12 7 47417 1
230 15 1 10 17 47678 1
231 3 3 8 17 47880 1
232 18 17 0 7 48011 0
233 11 7 16 16 48197 1
234 2 10 3 12 48492 1
235 17 7 15 6 48780 0
236 17 16 16 12 48986 0
237 10 13 2 5 49207 0
238 2 14 15 6 49434 1
239 7 2 16 9 49562 1
240 1 13 17 11 49719 0
241 6 14 5 17 49974 1
242 1 9 5 1 50219 1
243 13 2 15 5 50466 0
244 8 19 1 12 50660 1
245 14 3 18 11 50931 0
246 14 1 11 15 51058 0
247 17 6 6 13 51331 1
248 8 6 17 16 51558 1
249 3 13 19 11 51774 0
250 0 9 17 16 51983 0
251 2 1 5 9 52179 1
252 7 12 14 10 52440 0
253 17 4 6 2 52633 0
254 14 2 16 9 52929 0
255 3 18 13 9 53086 1
256 14 17 10 10 53272 1
257 18 2 13 2 53557 1
258 19 2 3 3 53805 1
259 19 2 8 3 54079 1
260 16 0 2 13 54290 0
261 17 4 10 5 54570 1
262 6 12 16 13 54772 1
263 6 6 10 16 55016 0
264 6 15 12 6 55225 0
265 4 6 19 2 55473 0
266 13 19 10 16 55751 1
267 11 7 11 4 55986 0
268 4 16 17 1 56112 0
269 9 3 9 8 56314 0
270 0 14 18 9 56480 1
271 6 12 3 3 56639 1
272 17 7 12 3 56767 1
273 2 7 12 7 57057 0
274 10 7 5 11 57269 1
275 7 0 11 1 57467 0
276 1 9 15 0 57623 1
277 11 5 4 13 57795 0
278 14 10 15 2 58049 1
279 0 6 3 0 58271 0
280 9 9 15 6 58521 0
281 9 1 5 7 58741 1
282 18 14 4 10 59027 1
283 9 8 15 13 59178 0
284 12 10 19 8 59381 0
285 4 7 6 18 59645 0
286 10 12 6 15 59832 0
287 18 17 4 7 60021 1
288 11 19 10 16 60312 0
289 1 19 15 15 60543 1
290 0 8 7 3 60707 1
291 9 16 2 16 60842 1
292 16 12 4 6 61030 0
293 15 4 13 8 61170 0
294 19 18 18 4 61359 1
295 4 3 3 11 61608 1
296 0 7 16 7 61835 1
297 16 6 11 17 61968 0
298 7 7 5 0 62137 0
299 19 17 3 17 62416 1
300 16 8 14 8 62641 1
301 8 4 10 12 62807 1
302 6 14 2 3 62955 1
303 17 5 13 17 63124 1
304 6 14 12 13 63251 0
305 19 16 17 18 63415 0
306 19 16 17 13 63548 0
307 7 5 15 0 63844 0
308 12 16 8 2 64024 1
309 1 6 13 8 64193 0
310 14 13 11 6 64441 1
311 13 8 12 18 64719 0
312 12 2 19 2 64915 1
313 12 13 16 4 65040 0
314 0 17 4 17 65338 1
315 15 1 16 4 65510 1
316 19 18 18 12 65702 0
317 19 19 12 10 65836 1
318 13 13 4 2 65956 1
319 12 7 13 12 66219 0
320 1 7 8 13 66387 1
321 4 12 7 8 66522 0
322 4 0 16 4 66735 1
323 7 19 7 1 66928 0
324 5 14 16 17 67134 0
325 6 16 3 4 67343 0
326 17 19 8 8 67638 1
327 0 2 16 9 67849 0
328 12 8 14 3 67987 0
329 10 18 18 12 68220 1
330 17 10 5 4 68360 0
331 14 13 3 1 68571 0
332 17 6 9 0 68827 1
333 19 6 1 9 69032 0
334 8 13 7 2 69276 1
335 14 15 6 1 69546 1
336 14 2 8 5 69739 1
337 4 17 8 18 69895 0
338 4 0 6 16 70109 1
339 5 19 10 18 70297 0
340 0 17 16 7 70462 0
341 0 4 15 9 70614 1
342 5 8 8 18 70801 1
343 9 16 1 15 70932 0
344 9 7 14 5 71147 0
345 12 9 17 14 71343 1
346 9 12 4 7 71612 1
347 11 0 2 9 71811 0
-1
