depot (x,y)
0 0
time horizon
72000
#id x(pickup) y(pickup) x(delivery) y(delivery) arrival_time people (0) or parcel (1)
0 5 9 2 17 251 1
1 4 8 16 7 389 0
2 1 17 6 6 509 1
3 6 10 5 4 641 1
4 7 15 18 6 834 1
5 19 18 12 7 1057 1
6 11 3 18 10 1205 0
7 7 4 19 11 1367 0
8 2 12 12 2 1619 0
9 0 7 9 3 1740 0
10 19 10 0 18 1869 1
11 10 12 4 1 2029 1
12 10 15 7 9 2276 0
13 10 6 18 2 2516 1
14 11 10 1 17 2680 1
15 3 16 14 12 2804 1
16 9 13 6 6 2960 0
17 14 14 6 7 3219 1
18 10 15 8 7 3449 0
19 9 7 4 5 3597 1
20 16 19 5 0 3745 0
21 18 0 14 4 3988 0
22 6 13 3 10 4183 1
23 18 1 3 14 4412 0
24 9 6 8 5 4567 1
25 9 16 4 12 4757 0
26 1 15 16 10 4972 0
27 14 7 3 14 5225 0
28 4 14 13 18 5374 0
29 1 1 4 3 5657 0
30 11 16 0 2 5880 0
31 4 9 6 12 6056 0
32 5 8 6 2 6270 1
33 2 2 17 17 6425 0
34 13 2 10 18 6581 1
35 13 3 10 12 6866 0
36 3 0 2 11 7036 0
37 16 18 0 0 7270 0
38 19 14 19 8 7439 1
39 3 6 18 14 7721 0
40 14 0 19 8 7873 0
41 3 14 14 3 8132 1
42 17 13 14 8 8314 0
43 2 12 9 1 8614 1
44 7 8 5 1 8914 1
45 19 10 4 4 9169 0
46 8 15 7 4 9316 0
47 7 15 11 6 9606 1
48 1 5 6 15 9732 1
49 1 13 9 8 9990 0
50 16 12 15 1 10260 0
51 19 3 14 15 10479 0
52 5 15 2 6 10714 0
53 6 6 5 14 11004 0
54 14 6 13 5 11274 0
55 16 4 5 9 11529 1
56 0 7 15 14 11756 1
57 14 4 2 16 11922 0
58 14 10 17 15 12108 1
59 13 14 0 15 12374 1
60 19 6 5 16 12566 1
61 9 3 9 6 12720 1
62 4 7 7 10 13011 1
63 13 14 18 18 13155 0
64 17 13 1 6 13438 0
65 10 14 9 18 13638 1
66 6 6 15 3 13879 1
67 15 11 5 0 14094 1
68 14 12 13 3 14308 0
69 10 19 1 2 14543 0
70 7 17 18 19 14757 1
71 14 10 18 9 14878 1
72 8 3 13 9 15092 0
73 4 11 1 14 15234 0
74 0 17 13 7 15356 1
75 5 7 6 1 15518 0
76 8 16 14 9 15713 1
77 6 8 0 1 15908 0
78 5 12 16 1 16109 1
79 10 18 6 8 16291 0
80 12 11 9 15 16543 1
81 9 1 2 3 16736 1
82 15 4 11 1 16867 1
83 5 11 12 17 17133 1
84 17 1 15 12 17254 0
85 0 14 18 14 17451 0
86 10 11 1 12 17699 1
87 4 3 7 9 17938 0
88 9 11 13 11 18144 0
89 4 5 11 6 18430 1
90 15 18 15 5 18633 0
91 0 13 2 17 18860 1
92 13 5 7 9 19055 0
93 11 3 13 3 19193 1
94 2 15 0 0 19448 0
95 5 18 14 12 19713 1
96 11 4 0 6 19987 1
97 3 18 15 16 20205 0
98 7 19 14 1 20431 1
99 1 14 4 7 20593 0
100 19 1 15 18 20786 0
101 19 14 14 3 20918 1
102 7 4 18 16 21202 1
103 12 6 11 16 21361 1
104 4 0 7 9 21602 0
105 19 4 11 7 21781 1
106 3 4 3 8 21985 1
107 16 13 8 17 22114 1
108 19 6 10 4 22256 1
109 7 10 3 19 22394 0
110 15 14 5 3 22689 0
111 8 11 0 2 22980 1
112 13 11 4 10 23108 0
113 15 10 1 1 23233 1
114 19 1 1 13 23502 1
115 3 17 15 11 23644 0
116 8 2 11 13 23841 0
117 11 19 13 16 23976 1
118 11 8 18 6 24276 1
119 5 4 6 0 24431 1
120 13 17 18 3 24670 0
121 7 12 2 10 24874 1
122 5 13 19 8 25069 1
123 7 10 8 19 25318 1
124 18 18 14 18 25605 1
125 10 12 7 7 25835 1
126 8 6 15 18 26014 1
127 6 5 16 6 26164 1
128 11 1 7 16 26369 1
129 18 8 0 5 26489 1
130 5 19 7 5 26676 0
131 19 16 7 16 26934 0
132 4 0 2 8 27110 1
133 9 1 5 18 27381 1
134 17 12 8 2 27666 0
135 6 5 8 8 27875 1
136 19 2 16 0 28011 1
137 16 11 8 10 28136 0
138 11 0 14 9 28331 0
139 6 18 11 5 28539 1
140 5 18 14 18 28688 0
141 13 18 17 8 28961 1
142 17 3 9 6 29083 1
143 14 4 16 9 29283 1
144 1 18 10 16 29467 0
145 3 8 0 8 29642 0
146 11 2 0 15 29882 1
147 1 3 7 1 30137 1
148 14 16 7 9 30279 0
149 16 17 12 0 30576 1
150 0 2 17 16 30788 0
151 1 4 18 3 31083 1
152 3 13 8 6 31365 0
153 0 19 8 16 31607 0
154 7 17 9 4 31878 0
155 5 7 15 6 32010 1
156 1 9 0 1 32298 0
157 0 7 4 17 32518 0
158 18 1 11 6 32699 1
159 14 19 1 5 32882 1
160 2 17 1 14 33097 1
161 7 14 16 15 33271 1
162 8 12 5 5 33459 1
163 12 14 7 4 33745 0
164 18 6 16 14 34038 1
165 16 6 14 8 34265 0
166 2 11 7 0 34466 0
167 16 15 2 19 34701 0
168 1 3 17 19 34918 1
169 6 3 3 11 35187 1
170 12 0 18 8 35482 0
171 16 14 10 17 35624 1
172 1 0 10 3 35770 1
173 17 11 13 18 36056 0
174 16 17 18 6 36313 1
175 16 4 8 3 36443 1
176 3 6 12 18 36690 0
177 9 3 4 10 36870 0
178 12 2 1 2 37068 1
179 6 0 16 11 37249 0
180 14 17 19 12 37514 1
181 18 16 1 18 37688 1
182 7 8 1 19 37925 0
183 5 8 6 15 38194 1
184 13 3 13 0 38420 1
185 19 11 4 12 38710 1
186 6 9 17 5 38835 1
187 7 10 15 8 39001 0
188 7 14 13 16 39148 0
189 10 6 0 12 39397 1
190 2 9 5 18 39590 1
191 17 9 12 11 39803 0
192 8 2 3 15 40004 1
193 9 6 18 4 40251 0
194 3 17 8 2 40464 0
195 5 6 12 12 40680 1
196 4 17 9 14 40962 1
197 14 3 19 15 41190 1
198 1 19 17 4 41324 0
199 18 16 17 19 41523 0
200 6 3 6 17 41816 1
201 13 16 17 19 41981 0
202 13 16 8 0 42156 1
203 6 9 18 10 42377 1
204 1 12 18 8 42610 0
205 7 13 4 15 42769 0
206 4 11 0 19 42994 0
207 2 11 1 14 43139 0
208 13 9 18 14 43265 1
209 8 11 8 14 43478 1
210 1 11 3 10 43687 1
211 18 12 13 2 43887 1
212 16 15 2 10 44044 1
213 2 4 16 18 44238 0
214 5 13 15 4 44416 0
215 16 3 15 7 44627 1
216 12 19 1 1 44909 1
217 4 1 3 19 45202 0
218 18 5 17 19 45439 1
219 9 9 11 2 45634 1
220 7 17 7 6 45861 0
221 11 10 6 14 46134 1
222 6 9 12 12 46260 1
223 5 13 11 2 46440 1
224 13 10 4 15 46594 1
225 1 3 11 19 46806 1
226 15 14 18 5 47060 1
227 1 10 9 1 47225 0
228 12 15 10 14 47476 0
229 12 6 17 4 47757 0
230 4 7 8 5 47971 1
231 7 12 4 10 48199 0
232 5 16 6 1 48399 1
233 15 2 13 8 48606 0
234 11 0 0 5 48781 1
235 3 3 19 2 48974 1
236 2 6 17 11 49235 0
237 10 16 10 2 49384 0
238 4 16 16 17 49601 1
239 15 1 18 9 49882 1
240 16 6 7 6 50149 0
241 12 9 18 8 50427 1
242 7 5 0 19 50650 1
243 14 15 18 16 50891 0
244 14 16 13 11 51058 0
245 4 13 6 9 51275 1
246 5 3 7 13 51425 0
247 3 16 13 18 51684 0
248 11 13 5 10 51921 0
249 2 0 17 7 52106 1
250 10 1 16 3 52398 1
251 18 15 4 13 52605 1
252 6 19 11 7 52863 0
253 5 12 11 2 53004 1
254 2 17 5 19 53282 1
255 7 9 3 17 53568 0
256 4 12 5 14 53688 1
257 2 13 18 0 53838 0
258 15 19 1 13 54023 0
259 1 13 0 9 54283 0
260 14 11 15 9 54451 0
261 13 14 3 12 54731 0
262 0 11 12 15 54923 0
263 12 4 16 14 55128 0
264 11 3 18 9 55332 1
265 13 17 8 16 55615 0
266 14 16 1 7 55889 1
267 8 9 8 15 56156 1
268 10 15 3 10 56404 0
269 15 4 14 19 56558 1
270 9 2 6 13 56706 0
271 19 14 12 0 56967 1
272 19 1 8 8 57193 0
273 3 7 3 0 57375 1
274 6 10 5 18 57499 0
275 10 10 9 15 57761 1
276 2 3 16 11 57890 1
277 11 0 19 17 58029 0
278 9 9 8 8 58245 1
279 13 1 3 10 58472 1
280 4 2 9 5 58625 1
281 18 7 10 2 58762 0
282 19 13 0 8 58976 1
283 3 4 10 4 59166 0
284 12 10 4 11 59294 1
285 13 15 6 0 59526 0
286 11 5 12 7 59721 1
287 2 8 11 4 59979 1
288 1 4 2 16 60189 1
289 5 16 0 19 60448 1
290 16 16 9 10 60652 0
291 1 14 10 6 60830 1
292 8 9 3 15 61115 0
293 15 15 3 2 61375 0
294 8 3 2 15 61650 0
295 4 6 1 14 61900 1
296 19 17 18 0 62039 1
297 18 14 18 1 62315 1
298 5 5 5 18 62444 1
299 9 1 14 4 62688 0
300 17 5 18 15 62973 1
301 14 1 9 14 63180 1
302 10 0 10 9 63347 1
303 15 18 19 11 63563 0
304 0 10 8 18 63862 0
305 3 3 18 14 64013 0
306 17 11 17 9 64288 0
307 2 19 12 6 64516 0
308 12 0 10 11 64723 0
309 12 11 19 16 64985 1
310 14 19 19 8 65108 1
311 12 5 2 6 65377 0
312 4 8 9 12 65505 1
313 7 12 9 3 65694 1
314 16 14 14 13 65870 1
315 19 0 16 6 66164 1
316 8 8 8 2 66390 0
317 14 3 5 13 66555 0
318 13 17 8 12 66700 1
319 8 1 0 15 66875 0
320 14 10 10 14 67089 0
321 14 8 5 4 67388 0
322 14 18 16 4 67640 1
323 4 11 13 3 67809 1
324 8 1 19 12 68062 1
325 7 5 14 13 68311 0
326 9 7 2 19 68522 1
327 16 4 2 2 68745 1
328 10 16 13 15 68937 0
329 16 11 18 13 69222 0
330 5 13 13 10 69349 1
331 13 13 0 12 69493 1
332 3 10 8 0 69706 1
333 18 19 10 8 69873 1
334 8 11 7 3 70004 0
335 3 10 10 6 70145 0
336 19 1 12 19 70435 1
337 4 0 4 6 70649 0
338 17 9 10 14 70877 0
339 1 16 3 17 71001 0
340 6 11 16 13 71227 1
341 15 12 5 13 71418 0
342 15 14 19 17 71673 1
343 5 9 1 2 71932 1
-1
