depot (x,y)
0 0
time horizon
72000
#id x(pickup) y(pickup) x(delivery) y(delivery) arrival_time people (0) or parcel (1)
0 8 13 0 12 221 0
1 8 3 1 14 480 0
2 14 19 11 1 729 0
3 2 5 5 8 912 0
4 6 8 11 5 1166 0
5 13 13 16 12 1385 1
6 3 10 10 1 1578 0
7 9 18 5 5 1784 1
8 11 8 11 0 1955 1
9 6 8 14 11 2196 0
10 13 1 6 17 2323 0
11 8 11 8 6 2495 1
12 7 6 14 7 2754 1
13 7 19 1 4 3000 0
14 3 1 9 1 3199 1
15 18 9 4 7 3449 0
16 5 5 0 17 3636 1
17 18 12 4 11 3911 1
18 1 11 0 19 4196 1
19 0 6 15 6 4410 0
20 16 7 4 14 4604 0
21 2 15 18 0 4806 1
22 8 17 17 18 5043 0
23 0 0 18 6 5220 1
24 2 7 16 1 5385 0
25 7 13 6 16 5624 0
26 12 3 0 4 5825 1
27 4 8 12 19 6034 1
28 12 14 1 14 6237 1
29 10 3 10 14 6493 1
30 12 11 16 4 6770 0
31 7 13 12 16 6908 1
32 18 18 17 13 7145 0
33 1 5 15 15 7395 1
34 15 18 6 18 7688 0
35 11 12 9 0 7977 1
36 14 15 3 14 8177 1
37 2 19 18 18 8389 1
38 12 10 0 2 8584 1
39 6 9 11 3 8744 1
40 8 6 5 3 9021 1
41 2 4 16 5 9271 1
42 0 18 14 1 9433 1
43 11 17 11 2 9652 0
44 1 12 10 10 9857 0
45 14 15 14 3 10030 0
46 17 2 14 13 10329 1
47 0 7 8 15 10479 0
48 11 18 5 16 10768 1
49 9 17 15 13 10944 0
50 5 12 6 5 11142 0
51 13 10 19 3 11402 0
52 18 11 18 3 11652 0
53 2 14 19 10 11815 1
54 14 1 7 14 11952 1
55 11 3 15 18 12132 1
56 7 16 6 2 12271 1
57 8 17 9 15 12522 1
58 6 19 7 1 12660 1
59 16 5 9 7 12888 1
60 19 6 19 1 13160 1
61 5 7 11 12 13402 0
62 2 4 11 11 13577 0
63 15 15 19 14 13765 1
64 16 15 10 14 14024 0
65 9 13 17 18 14274 0
66 10 10 3 4 14535 1
67 12 2 6 9 14697 0
68 5 1 11 7 14958 1
69 18 4 12 16 15195 1
70 2 14 0 2 15495 0
71 19 5 11 1 15739 1
72 16 15 12 18 15932 0
73 5 11 9 2 16175 0
74 13 12 4 19 16385 0
75 7 0 8 15 16515 1
76 14 6 6 4 16641 0
77 16 1 2 1 16818 0
78 12 15 10 11 17082 1
79 0 6 2 11 17352 1
80 12 14 14 11 17621 1
81 13 16 7 6 17873 1
82 2 7 15 4 18118 0
83 19 19 14 4 18374 1
84 19 7 9 9 18650 0
85 13 4 1 11 18915 0
86 12 10 5 9 19036 0
87 18 11 1 19 19318 0
88 4 5 1 3 19581 1
89 9 14 16 10 19744 0
90 6 0 4 4 19872 0
91 17 9 18 12 20124 0
92 18 5 5 11 20247 1
93 14 2 11 18 20499 1
94 14 3 19 4 20667 0
95 9 14 3 13 20852 0
96 5 3 16 11 21071 0
97 19 19 6 9 21306 1
98 6 19 15 1 21602 0
99 13 1 13 8 21821 0
100 0 10 8 1 21998 1
101 16 14 13 8 22172 1
102 13 8 18 11 22424 1
103 8 17 8 4 22546 0
104 9 15 11 13 22791 1
105 19 7 18 3 22925 0
106 8 0 8 8 23152 1
107 0 10 7 8 23357 0
108 19 19 15 10 23571 1
109 17 13 18 7 23726 0
110 17 2 16 19 23960 1
111 7 17 18 17 24170 1
112 2 9 9 7 24454 0
113 17 5 5 10 24728 0
114 13 3 10 18 24919 0
115 17 19 18 12 25157 1
116 12 18 12 2 25393 0
117 18 11 6 4 25613 1
118 17 12 16 18 25794 1
119 2 11 5 1 25970 1
120 12 1 17 9 26180 0
121 4 18 15 0 26390 0
122 7 18 8 6 26650 0
123 14 2 18 19 26813 1
124 5 0 13 2 26936 1
125 10 19 15 7 27077 1
126 4 10 19 0 27377 1
127 11 5 14 10 27541 1
128 18 5 15 9 27746 1
129 16 7 14 18 27953 1
130 16 2 14 4 28246 1
131 16 7 2 0 28453 1
132 10 6 13 2 28681 0
133 13 15 10 16 28848 0
134 3 10 15 11 28968 1
135 6 17 2 5 29228 0
136 12 7 7 13 29447 1
137 15 18 11 14 29672 0
138 8 1 3 14 29960 0
139 18 1 19 3 30157 1
140 16 11 1 1 30390 1
141 1 7 18 8 30659 0
142 16 6 17 2 30914 1
143 8 8 3 0 31178 1
144 6 3 16 14 31450 1
145 15 16 0 1 31669 1
146 14 16 8 18 31873 1
147 3 0 19 16 32144 0
148 4 0 4 0 32329 1
149 18 1 6 3 32486 1
150 15 7 19 12 32610 1
151 18 19 11 12 32828 0
152 7 8 17 14 33082 0
153 6 19 17 1 33245 0
154 14 5 11 5 33473 1
155 0 11 7 14 33708 0
156 3 18 13 8 33913 1
157 17 19 15 0 34183 0
158 0 11 1 17 34406 1
159 1 8 2 19 34693 0
160 14 19 10 6 34912 1
161 3 5 18 3 35095 1
162 3 13 7 9 35303 0
163 11 2 5 0 35598 1
164 5 10 11 12 35824 0
165 16 6 15 7 35945 0
166 6 14 15 1 36146 0
167 5 13 19 18 36379 1
168 8 17 3 12 36555 1
169 10 6 15 13 36743 1
170 6 18 9 6 36976 1
171 8 4 9 11 37225 0
172 4 19 19 12 37479 1
173 19 7 13 15 37601 1
174 0 19 16 18 37821 0
175 5 3 14 0 37983 0
176 3 17 19 9 38233 0
177 12 13 10 12 38466 0
178 12 6 12 4 38604 1
179 7 1 15 1 38741 0
180 12 9 12 14 38982 1
181 5 17 15 18 39218 1
182 11 8 0 9 39467 0
183 7 11 18 0 39652 1
184 2 18 10 11 39851 1
185 10 7 15 2 40107 0
186 7 5 8 10 40325 1
187 6 0 5 3 40569 1
188 13 18 9 15 40838 0
189 14 4 6 11 40977 1
190 1 16 2 17 41131 1
191 5 19 19 1 41316 0
192 15 0 6 12 41540 0
193 5 17 2 11 41821 0
194 0 18 11 4 42085 0
195 14 1 13 2 42346 1
196 15 9 14 2 42491 0
197 10 6 15 2 42760 1
198 6 11 10 1 43038 0
199 1 9 1 1 43246 0
200 7 19 0 0 43492 1
201 4 9 19 19 43729 1
202 5 9 14 17 44017 1
203 3 3 4 9 44170 0
204 4 17 14 3 44387 0
205 4 13 4 6 44633 1
206 2 2 2 5 44772 0
207 2 2 10 9 45062 0
208 15 1 3 1 45234 1
209 19 13 4 5 45472 0
210 8 17 7 12 45646 0
211 6 10 3 0 45877 0
212 8 5 17 0 46039 1
213 11 7 15 19 46314 0
214 0 5 16 8 46605 0
215 5 11 7 5 46830 1
216 13 16 7 17 47019 1
217 5 9 9 13 47290 1
218 1 11 8 18 47515 0
219 9 5 6 1 47790 1
220 19 2 2 6 47956 0
221 18 19 9 10 48174 0
222 16 15 1 18 48464 1
223 5 11 2 13 48645 0
224 6 12 19 5 48856 0
225 10 4 2 10 49129 0
226 15 11 6 13 49337 1
227 11 12 2 13 49522 1
228 16 14 9 8 49806 1
229 19 13 14 11 50062 0
230 12 9 15 19 50271 0
231 13 9 16 9 50395 1
232 14 0 6 12 50573 1
233 12 2 2 16 50820 0
234 6 13 5 10 51004 0
235 10 2 9 3 51146 1
236 7 10 14 2 51279 0
237 11 18 15 12 51449 0
238 6 5 7 17 51695 0
239 16 17 0 3 51845 1
240 14 1 16 17 51967 1
241 1 18 17 2 52267 1
242 10 17 1 18 52479 1
243 19 7 6 19 52603 0
244 19 12 7 6 52740 0
245 15 3 18 12 52921 1
246 7 16 14 18 53207 0
247 7 4 13 0 53440 0
248 8 16 5 3 53681 0
249 19 5 6 3 53815 0
250 13 5 14 8 54032 1
251 1 18 15 19 54269 0
252 4 17 4 5 54491 1
253 5 1 15 15 54736 1
254 0 11 15 10 54995 1
255 17 18 11 6 55198 1
256 10 7 8 11 55333 0
257 17 4 13 13 55603 1
258 7 2 3 12 55728 1
259 11 7 2 5 55962 1
260 13 7 13 10 56236 1
261 6 19 2 15 56503 1
262 0 13 6 12 56628 1
263 9 2 18 18 56918 0
264 0 12 8 15 57154 1
265 3 5 13 4 57426 1
266 17 18 19 12 57719 1
267 10 17 12 14 57860 1
268 14 11 14 17 58035 1
269 5 9 13 6 58193 0
270 15 18 18 4 58422 1
271 7 13 12 10 58669 1
272 1 4 2 5 58819 0
273 5 18 18 18 58977 1
274 13 7 6 10 59264 1
275 12 12 18 8 59462 0
276 6 11 1 12 59665 1
277 5 5 5 8 59959 0
278 16 4 7 5 60095 0
279 10 4 1 15 60389 0
280 14 16 7 17 60677 1
281 15 19 19 5 60911 0
282 2 9 3 12 61080 1
283 17 3 15 19 61363 1
284 5 15 2 12 61506 1
285 18 5 5 8 61667 0
286 10 16 16 16 61824 1
287 10 9 6 8 62064 0
288 5 10 13 1 62189 1
289 15 7 8 2 62334 1
290 9 14 2 9 62505 0
291 13 10 15 3 62789 1
292 6 7 18 16 63068 0
293 12 10 9 7 63229 1
294 9 17 1 6 63393 1
295 7 14 9 4 63661 0
296 18 7 19 3 63815 0
297 13 3 8 15 63998 1
298 9 1 7 9 64179 0
299 19 12 16 15 64318 0
300 1 7 6 4 64500 0
301 10 13 19 14 64782 0
302 2 15 12 13 64928 0
303 7 16 13 3 65154 0
304 8 13 8 1 65312 1
305 17 4 2 9 65565 0
306 5 17 9 13 65776 1
307 10 6 16 6 66046 0
308 1 4 12 10 66261 0
309 6 9 4 7 66481 0
310 18 5 3 18 66683 1
311 6 9 19 4 66933 1
312 4 18 11 3 67233 1
313 2 4 11 2 67364 1
314 1 18 19 2 67631 0
315 10 12 4 12 67923 0
316 1 9 18 8 68191 1
317 6 19 3 0 68357 0
318 10 18 3 8 68537 0
319 0 17 10 19 68674 1
320 3 3 4 15 68918 1
321 7 4 10 3 69156 0
322 5 19 13 5 69439 0
323 11 14 1 13 69685 1
324 14 6 11 10 69881 0
325 13 3 15 13 70097 0
326 16 2 14 3 70351 0
327 12 15 1 3 70514 0
328 3 17 19 7 70729 0
329 9 2 6 17 70869 0
330 3 0 18 8 71147 1
331 0 4 18 16 71425 1
332 19 14 4 7 71587 0
333 13 16 5 13 71801 0
334 2 14 17 12 71931 0
-1
