depot (x,y)
0 0
time horizon
72000
#id x(pickup) y(pickup) x(delivery) y(delivery) arrival_time people (0) or parcel (1)
0 0 2 16 14 390 0
1 2 6 19 7 1253 1
2 3 9 18 8 1678 0
3 11 7 19 15 2466 1
4 15 11 2 7 3066 0
5 4 10 16 1 3658 0
6 1 11 4 18 3984 1
7 11 7 8 7 4778 0
8 9 12 13 5 5124 1
9 10 16 1 13 5613 0
10 4 11 13 13 6294 0
11 17 11 18 18 6619 1
12 4 9 0 13 7485 1
13 8 19 2 5 7805 0
14 2 11 7 15 8278 1
15 5 8 16 0 9006 1
16 10 4 3 11 9729 1
17 8 17 16 7 10384 0
18 6 9 13 11 10879 1
19 1 10 11 16 11277 0
20 10 11 13 3 12024 1
21 18 18 13 15 12378 0
22 9 9 9 19 12734 1
23 6 19 15 9 13361 1
24 1 4 15 4 14076 1
25 3 0 8 10 14859 1
26 8 6 7 16 15519 0
27 11 13 3 0 16075 0
28 18 3 19 7 16393 0
29 19 4 7 15 16801 0
30 8 19 13 7 17175 1
31 0 7 11 18 17975 0
32 3 9 6 7 18789 1
33 11 18 12 0 19472 0
34 6 0 1 17 19777 1
35 18 1 4 17 20123 0
36 2 1 19 13 20893 0
37 4 15 1 8 21387 0
38 4 17 15 10 21974 0
39 2 8 19 19 22602 1
40 17 17 19 8 23481 0
41 10 5 5 9 23962 1
42 6 16 17 0 24547 0
43 9 10 15 15 25191 1
44 8 5 11 9 25821 0
45 7 3 5 14 26420 0
46 11 15 5 12 27068 1
47 15 5 19 10 27389 1
48 6 17 14 15 27712 1
49 14 5 1 1 28339 0
50 18 6 15 1 29172 0
51 16 19 14 10 29832 0
52 8 10 12 18 30534 0
53 17 17 8 12 31013 1
54 18 11 13 11 31433 0
55 19 13 8 7 31752 0
56 7 16 8 10 32116 0
57 16 17 12 10 32567 0
58 3 12 14 0 33289 1
59 15 15 18 12 33703 0
60 1 11 12 0 34499 1
61 13 18 12 18 35363 1
62 15 14 4 12 36154 0
63 1 16 10 17 36916 1
64 16 13 1 10 37563 0
65 10 17 9 18 38091 0
66 3 10 18 5 38458 1
67 17 5 9 10 39295 0
68 12 8 9 9 40195 1
69 10 11 2 15 40997 0
70 15 10 16 2 41780 0
71 12 14 12 9 42306 1
72 5 3 16 1 43181 1
73 13 17 16 14 43589 0
74 14 4 19 14 44150 1
75 13 18 0 15 44850 1
76 6 13 3 7 45467 0
77 16 16 0 7 45995 0
78 4 0 14 12 46567 1
79 18 10 3 18 47317 0
80 1 15 8 8 48193 1
81 11 4 16 7 48650 1
82 11 1 11 3 49103 1
83 15 13 5 14 49754 0
84 2 13 12 7 50131 1
85 11 11 3 1 50571 0
86 12 7 7 18 51379 1
87 7 0 5 15 52053 1
88 8 8 2 2 52779 0
89 4 13 14 19 53571 1
90 4 5 15 8 54436 0
91 19 6 2 3 55039 1
92 11 0 2 10 55436 1
93 17 12 0 6 56200 1
94 3 15 10 16 56999 1
95 10 7 7 3 57502 0
96 17 17 12 2 58314 0
97 15 17 8 12 58884 1
98 16 15 18 1 59229 0
99 4 11 19 18 59775 1
100 17 4 2 3 60440 1
101 19 11 2 11 61335 0
102 8 10 19 9 61971 0
103 7 14 10 15 62830 0
104 19 2 10 16 63322 0
105 14 17 2 7 63958 1
106 7 11 11 12 64685 0
107 18 0 15 1 65141 0
108 8 10 10 9 65966 0
109 15 7 6 5 66289 0
110 7 9 4 12 66869 1
111 9 18 4 13 67672 0
112 8 2 3 3 68333 1
113 1 11 3 13 68820 1
114 10 7 18 17 69311 1
115 6 14 7 13 70100 0
116 10 5 12 1 70972 1
117 2 16 16 16 71663 0
-1
