depot (x,y)
0 0
time horizon
72000
#id x(pickup) y(pickup) x(delivery) y(delivery) arrival_time people (0) or parcel (1)
0 11 11 8 14 226 1
1 12 8 17 9 384 1
2 4 10 17 1 541 1
3 10 9 6 1 741 1
4 2 18 8 7 997 1
5 13 0 18 17 1168 1
6 0 2 15 16 1361 1
7 5 8 13 17 1539 1
8 9 14 13 8 1673 0
9 10 18 11 10 1824 0
10 11 14 17 12 2057 1
11 11 14 17 5 2325 1
12 12 14 9 17 2459 1
13 1 14 17 16 2677 0
14 5 10 12 0 2957 0
15 8 10 8 2 3115 0
16 11 13 18 10 3376 0
17 5 0 19 9 3594 1
18 16 3 8 18 3879 1
19 12 5 11 18 4006 0
20 19 12 16 5 4239 1
21 1 12 18 19 4374 0
22 9 14 0 3 4562 1
23 18 13 14 17 4846 0
24 19 14 7 18 5058 1
25 19 19 5 13 5187 1
26 13 4 13 8 5395 1
27 6 12 12 6 5558 1
28 13 17 19 13 5761 1
29 18 7 10 6 5990 0
30 10 3 19 5 6283 1
31 12 9 9 5 6462 1
32 0 1 7 12 6649 0
33 13 8 12 15 6926 1
34 8 16 9 9 7189 1
35 14 5 11 5 7459 1
36 4 7 19 10 7695 0
37 7 16 15 12 7874 1
38 12 18 0 10 8044 1
39 11 10 3 10 8164 0
40 6 14 14 19 8356 1
41 6 6 12 18 8643 1
42 9 13 12 8 8917 0
43 11 6 14 11 9199 1
44 5 11 5 12 9401 1
45 0 18 15 1 9567 1
46 15 19 12 10 9783 0
47 13 6 4 11 9954 1
48 6 7 7 12 10202 1
49 17 2 16 9 10474 1
50 2 0 2 9 10601 1
51 2 6 0 11 10831 1
52 2 3 4 15 10977 1
53 4 4 14 15 11191 0
54 10 0 8 3 11399 1
55 16 6 19 17 11618 1
56 0 13 6 6 11802 1
57 18 13 4 8 11963 0
58 14 18 14 8 12084 0
59 16 1 5 8 12340 0
60 0 17 11 19 12604 1
61 3 6 12 19 12837 1
62 4 1 18 13 13084 1
63 12 17 4 13 13252 1
64 11 12 10 3 13530 0
65 17 8 14 14 13784 0
66 0 17 7 16 13951 1
67 19 19 14 11 14226 1
68 5 4 10 18 14523 0
69 19 0 8 8 14787 1
70 14 14 7 8 15077 1
71 4 10 10 17 15316 0
72 14 18 7 0 15466 1
73 16 14 0 7 15722 0
74 16 6 14 12 16019 0
75 4 3 3 6 16194 1
76 18 13 17 17 16461 1
77 6 17 12 10 16593 1
78 5 6 6 3 16748 0
79 17 17 10 3 17042 0
80 5 14 16 16 17337 0
81 8 19 8 18 17478 1
82 2 16 17 4 17668 1
83 4 4 3 14 17814 1
84 9 3 3 2 18105 0
85 9 16 15 0 18297 0
86 12 12 2 18 18449 1
87 1 9 8 11 18733 0
88 7 14 5 3 18889 0
89 11 14 6 15 19013 1
90 4 18 9 0 19137 1
91 2 19 11 13 19314 0
92 19 17 12 14 19509 0
93 10 9 0 13 19642 1
94 15 9 7 4 19904 1
95 9 14 0 1 20052 0
96 13 7 13 0 20194 0
97 3 7 4 2 20434 0
98 11 5 8 2 20576 0
99 7 2 17 12 20856 1
100 1 18 17 4 21026 0
101 14 15 11 13 21163 1
102 16 3 17 9 21406 0
103 2 15 18 19 21616 0
104 9 14 0 11 21752 0
105 12 17 16 1 22001 0
106 0 18 10 19 22129 1
107 0 6 2 5 22382 0
108 18 11 14 7 22654 1
109 18 15 13 0 22880 0
110 13 11 14 12 23061 0
111 10 9 12 2 23253 0
112 15 10 5 6 23464 0
113 17 8 7 16 23604 0
114 11 15 19 6 23891 1
115 3 1 3 0 24175 1
116 10 11 6 15 24414 0
117 17 15 10 17 24613 1
118 19 11 19 1 24743 0
119 7 5 19 12 24883 1
120 14 19 16 11 25124 0
121 15 11 11 3 25372 0
122 14 14 10 19 25641 1
123 17 15 7 13 25883 1
124 12 13 12 15 26018 0
125 7 11 4 7 26176 0
126 15 0 14 7 26454 1
127 14 17 9 14 26707 0
128 19 15 4 7 27004 0
129 7 10 16 2 27201 1
130 2 11 2 5 27327 1
131 16 12 6 3 27550 0
132 16 17 13 16 27785 0
133 6 11 10 11 27916 0
134 8 16 17 18 28165 0
135 16 14 16 19 28342 0
136 7 19 17 11 28591 1
137 7 0 18 19 28799 1
138 10 5 17 7 28927 1
139 9 6 10 2 29084 0
140 1 18 2 15 29256 1
141 16 1 16 11 29530 1
142 18 3 12 13 29749 0
143 11 2 8 7 29965 1
144 17 2 18 14 30093 0
145 0 17 9 19 30294 1
146 16 0 14 16 30486 0
147 1 11 4 9 30768 1
148 11 8 10 18 30937 1
149 14 6 8 7 31230 0
150 7 1 10 4 31350 0
151 5 7 3 0 31626 0
152 12 12 12 11 31910 1
153 12 0 15 4 32207 0
154 11 8 13 14 32418 0
155 8 4 7 11 32656 1
156 9 7 5 10 32913 0
157 14 1 15 6 33203 1
158 9 13 15 2 33473 1
159 14 1 3 3 33743 1
160 12 12 19 3 33952 0
161 17 9 8 3 34110 1
162 10 19 19 6 34343 1
163 8 18 11 9 34587 0
164 7 1 17 17 34806 0
165 17 2 16 1 34959 1
166 17 3 6 11 35159 0
167 2 19 14 2 35351 0
168 17 17 11 9 35483 1
169 7 11 4 18 35721 1
170 12 18 13 1 35878 0
171 9 17 3 1 36050 0
172 15 2 15 17 36317 0
173 16 15 19 2 36552 0
174 8 2 0 10 36685 0
175 16 9 17 10 36840 0
176 1 15 16 15 37078 0
177 5 18 14 18 37341 0
178 15 12 16 2 37552 1
179 4 6 18 8 37798 0
180 15 18 5 18 38080 0
181 10 1 6 9 38303 1
182 8 2 11 14 38459 1
183 11 3 8 6 38600 0
184 1 14 15 14 38770 0
185 8 13 18 5 38957 1
186 8 16 7 9 39163 1
187 18 7 0 8 39336 1
188 4 13 17 3 39567 1
189 15 7 6 6 39801 1
190 3 10 3 4 39997 1
191 19 19 11 2 40189 1
192 0 1 15 17 40436 0
193 17 3 7 12 40661 0
194 8 18 18 0 40910 0
195 13 7 14 13 41142 0
196 12 5 16 16 41273 0
197 6 8 1 19 41541 0
198 2 5 10 7 41697 0
199 0 18 18 12 41978 0
200 5 19 8 4 42217 1
201 10 17 4 13 42448 1
202 12 14 19 0 42655 0
203 2 8 5 4 42870 0
204 16 6 4 4 43015 0
205 19 8 1 2 43289 1
206 19 0 19 10 43540 0
207 17 14 10 1 43793 0
208 0 1 9 10 43974 1
209 17 18 19 9 44106 1
210 19 10 8 11 44364 1
211 11 16 2 14 44545 1
212 10 9 17 19 44771 0
213 16 3 18 8 44961 0
214 7 13 6 12 45110 0
215 1 8 2 15 45389 1
216 9 13 3 2 45515 1
217 10 8 0 7 45656 1
218 14 15 10 19 45869 0
219 5 16 11 16 46076 0
220 11 15 2 17 46231 0
221 15 16 11 6 46368 0
222 19 12 12 14 46579 0
223 9 19 11 3 46751 1
224 7 7 2 17 47030 0
225 11 9 1 2 47330 0
226 2 0 19 17 47503 1
227 18 5 6 9 47702 1
228 13 5 4 16 47846 0
229 4 14 9 11 48071 0
230 13 9 4 11 48327 1
231 10 2 15 12 48540 1
232 9 10 14 17 48683 0
233 3 11 12 6 48831 0
234 5 12 16 10 49094 0
235 3 14 12 4 49259 0
236 5 11 5 5 49451 1
237 11 9 1 14 49590 1
238 15 12 3 6 49787 1
239 18 16 10 14 49990 0
240 11 19 3 14 50246 1
241 2 13 6 10 50544 1
242 12 12 2 12 50787 1
243 2 14 10 10 50908 0
244 8 0 13 7 51150 0
245 4 5 18 16 51410 1
246 6 19 7 18 51690 1
247 19 7 10 19 51932 1
248 5 4 10 0 52219 1
249 14 12 1 13 52382 0
250 17 1 8 5 52658 1
251 4 10 7 6 52793 1
252 1 18 15 5 53068 0
253 12 1 8 19 53354 1
254 8 10 0 0 53626 1
255 2 0 17 8 53920 0
256 17 1 18 14 54092 0
257 8 3 10 8 54220 0
258 2 5 18 14 54365 0
259 19 8 15 11 54564 0
260 9 19 12 11 54794 1
261 13 16 12 11 54984 1
262 6 8 5 14 55148 0
263 8 3 0 3 55352 1
264 16 10 8 11 55548 0
265 6 8 11 18 55715 1
266 3 14 7 11 56005 0
267 0 9 0 0 56276 1
268 0 5 10 12 56509 1
269 5 14 5 11 56718 1
270 9 18 10 1 56972 1
271 0 0 2 13 57131 1
272 0 10 0 16 57272 0
273 17 13 5 15 57541 0
274 11 3 3 1 57703 1
275 9 7 8 5 57975 1
276 18 11 13 12 58266 0
277 2 10 5 16 58505 1
278 15 19 6 3 58686 0
279 9 11 10 13 58918 0
280 15 8 10 15 59212 1
281 8 15 10 0 59353 0
282 18 18 4 18 59597 0
283 3 2 16 3 59728 1
284 10 2 16 14 59963 0
285 0 1 11 4 60239 1
286 6 6 6 1 60422 0
287 7 11 0 10 60662 0
288 2 12 14 9 60823 1
289 19 4 2 12 61081 1
290 11 8 3 2 61374 0
291 16 18 1 3 61594 1
292 7 1 16 10 61867 1
293 13 9 3 19 62008 1
294 19 14 3 9 62187 0
295 19 10 7 9 62486 0
296 14 2 1 0 62701 1
297 19 9 13 8 62943 0
298 14 5 15 9 63241 1
299 17 14 13 2 63409 0
300 11 7 7 4 63628 1
301 10 2 5 13 63903 0
302 3 8 7 4 64033 0
303 5 14 19 7 64298 0
304 1 5 2 0 64442 0
305 3 12 11 8 64605 0
306 18 10 5 17 64850 1
307 0 5 18 3 65098 1
308 2 19 17 18 65262 0
309 10 4 11 13 65552 1
310 13 18 11 0 65826 1
311 12 13 8 10 66044 1
312 17 17 18 0 66284 1
313 4 14 9 4 66571 0
314 4 5 18 15 66842 1
315 15 8 6 18 67031 0
316 2 15 5 1 67233 0
317 1 5 6 2 67450 1
318 9 12 2 10 67736 0
319 13 3 8 12 67933 1
320 10 16 14 13 68191 0
321 19 8 6 12 68394 0
322 1 17 3 18 68577 0
323 18 9 4 14 68854 0
324 1 19 16 0 68995 1
325 14 2 4 12 69186 1
326 9 10 19 0 69409 0
327 17 15 8 13 69646 1
328 15 11 15 6 69855 1
329 6 10 2 18 69980 1
330 2 8 6 6 70129 0
331 19 0 4 7 70266 1
332 5 13 8 14 70456 1
333 9 10 15 19 70590 1
334 7 12 2 15 70730 1
335 19 13 1 16 71015 1
336 13 13 16 13 71139 0
337 19 14 0 10 71270 1
338 7 15 9 5 71412 0
339 4 5 2 12 71654 1
340 5 12 9 11 71922 1
-1
