depot (x,y)
0 0
time horizon
72000
#id x(pickup) y(pickup) x(delivery) y(delivery) arrival_time people (0) or parcel (1)
0 15 2 19 15 346 0
1 3 12 9 19 1122 1
2 0 9 12 9 1595 0
3 2 13 11 5 2053 0
4 5 19 7 3 2915 1
5 0 4 3 14 3233 0
6 4 7 18 14 3966 1
7 7 18 18 1 4489 0
8 13 16 11 12 4965 0
9 5 14 13 9 5664 0
10 4 5 17 4 6146 0
11 3 0 3 13 6509 0
12 10 0 6 11 7395 1
13 17 0 9 14 7997 0
14 11 13 4 10 8663 1
15 0 8 12 7 9394 1
16 12 18 19 2 9722 0
17 17 2 10 8 10084 1
18 0 16 4 6 10737 0
19 2 13 4 5 11170 0
20 2 4 1 5 11883 0
21 15 15 14 6 12233 0
22 2 16 17 13 12958 1
23 15 0 4 11 13408 0
24 15 14 15 4 13785 0
25 1 3 10 14 14238 1
26 5 6 14 1 14746 0
27 15 5 16 6 15478 1
28 19 16 11 18 16132 0
29 10 7 9 0 16872 1
30 6 9 12 17 17544 1
31 16 17 13 13 18221 0
32 14 8 1 10 18865 0
33 3 17 9 10 19505 0
34 6 10 17 17 20342 0
35 17 11 11 11 21217 1
36 19 10 7 17 21529 0
37 1 17 0 10 22031 0
38 8 6 16 19 22887 1
39 10 3 19 12 23227 0
40 5 2 2 14 23845 0
41 16 10 7 11 24347 1
42 5 7 6 12 24911 0
43 9 6 1 8 25359 1
44 7 14 6 19 25749 1
45 13 4 19 5 26551 1
46 3 8 2 14 27156 1
47 9 17 17 11 27506 0
48 18 14 5 18 27951 0
49 5 12 15 9 28783 0
50 8 17 0 13 29477 0
51 9 14 9 4 30137 1
52 8 10 11 12 30497 0
53 19 15 15 7 30958 0
54 18 5 4 6 31350 0
55 4 19 16 3 31814 0
56 14 0 14 10 32533 1
57 9 12 9 12 33249 1
58 1 16 3 7 33565 1
59 5 11 2 7 33958 1
60 14 1 17 0 34687 0
61 16 6 10 4 35091 0
62 5 2 14 2 35854 1
63 7 15 9 6 36180 0
64 0 4 7 17 36847 1
65 3 11 12 14 37254 1
66 16 7 13 6 37566 0
67 0 11 0 4 38301 1
68 15 3 4 14 38954 0
69 8 8 8 8 39299 0
70 16 5 0 17 40016 0
71 13 15 5 0 40621 0
72 11 17 5 16 41362 1
73 12 7 8 12 41687 0
74 16 13 14 5 42476 1
75 6 3 19 12 43245 0
76 11 6 19 18 43657 1
77 2 17 4 14 44189 1
78 18 15 13 7 44909 0
79 13 16 3 16 45740 0
80 3 7 11 12 46555 0
81 10 10 19 4 46989 1
82 13 2 14 0 47640 0
83 3 14 18 7 48212 1
84 14 15 5 7 48745 1
85 8 13 18 14 49625 1
86 7 14 0 9 50068 1
87 16 8 0 7 50735 1
88 15 1 12 19 51333 0
89 13 14 11 4 52212 0
90 2 10 17 11 52969 1
91 6 7 4 9 53485 1
92 19 0 7 16 54124 0
93 16 13 14 7 54978 0
94 17 7 10 16 55814 1
95 9 4 9 6 56192 1
96 0 2 9 7 56519 1
97 9 2 17 8 57271 1
98 11 4 13 8 57996 0
99 14 14 6 10 58547 0
100 1 10 12 7 59110 0
101 4 8 2 4 59431 1
102 10 0 13 1 59747 1
103 11 2 7 0 60179 1
104 12 11 19 0 60541 1
105 2 10 7 3 61315 1
106 11 19 11 4 61625 0
107 8 15 2 15 62376 0
108 13 15 11 12 62965 1
109 8 19 19 14 63553 0
110 11 18 9 14 64094 1
111 1 11 6 1 64812 0
112 18 10 4 9 65515 0
113 5 14 14 18 66205 1
114 6 11 14 8 66539 0
115 17 13 12 19 67385 0
116 18 9 19 5 67748 0
117 0 19 0 3 68131 1
118 0 3 14 17 68863 1
119 8 1 16 15 69572 0
120 7 16 2 15 70151 0
121 12 12 7 14 71027 1
122 19 5 17 12 71765 0
-1
