depot (x,y)
0 0
time horizon
72000
#id x(pickup) y(pickup) x(delivery) y(delivery) arrival_time people (0) or parcel (1)
0 1 14 14 0 859 1
1 9 18 2 0 1210 1
2 5 3 13 11 1723 1
3 18 11 12 17 2125 0
4 11 12 14 15 2883 1
5 14 1 13 9 3584 1
6 19 13 12 7 3968 0
7 12 1 0 15 4529 1
8 11 9 11 14 5029 0
9 17 6 6 14 5848 1
10 14 8 11 5 6496 1
11 12 14 6 11 6797 1
12 6 16 7 12 7375 1
13 0 7 5 19 8074 0
14 11 19 1 4 8388 1
15 19 7 12 16 8973 0
16 9 19 1 3 9655 0
17 0 19 9 1 10115 0
18 18 7 16 19 10888 0
19 5 12 19 6 11666 1
20 2 6 16 17 12155 1
21 16 6 18 14 12645 1
22 12 10 14 10 13437 0
23 9 1 16 12 14191 1
24 15 6 15 0 14492 1
25 5 6 3 16 15242 0
26 13 10 0 7 16068 0
27 9 8 3 2 16603 0
28 12 7 17 16 17234 1
29 1 11 19 6 17618 1
30 2 7 17 3 18384 1
31 13 2 12 0 19262 0
32 3 15 13 12 19964 1
33 7 8 6 8 20336 0
34 11 5 3 19 21123 0
35 19 10 9 17 21909 1
36 17 18 13 13 22714 1
37 8 8 8 2 23501 1
38 1 8 3 12 24149 1
39 15 6 12 6 24762 1
40 5 9 6 19 25207 0
41 6 7 15 5 26083 0
42 15 10 0 8 26779 1
43 11 12 15 9 27320 0
44 3 15 1 7 27964 0
45 11 19 7 3 28506 1
46 11 5 19 7 28824 0
47 2 19 3 15 29307 1
48 17 11 2 16 29809 0
49 10 16 13 14 30706 0
50 8 15 2 3 31020 0
51 12 4 15 11 31684 1
52 16 1 15 19 32270 1
53 11 5 14 18 32584 1
54 12 1 8 13 33328 1
55 3 3 4 16 34007 1
56 6 17 4 7 34430 1
57 5 9 3 17 34837 0
58 11 10 14 11 35292 0
59 6 0 15 0 35936 0
60 4 12 3 18 36269 0
61 1 12 11 1 36674 1
62 1 17 14 16 37425 0
63 12 2 11 12 38282 1
64 8 11 16 15 38693 1
65 11 8 5 14 39581 0
66 18 3 2 16 40001 1
67 0 11 2 2 40574 1
68 6 10 12 18 41445 1
69 3 4 5 1 41961 1
70 3 7 8 2 42768 0
71 13 3 12 8 43161 0
72 6 14 17 0 43575 1
73 17 5 7 11 44465 0
74 9 0 2 0 45132 1
75 18 6 17 19 45795 1
76 11 5 15 9 46222 0
77 16 12 9 12 46883 0
78 11 11 2 15 47644 0
79 1 7 14 9 47993 1
80 3 14 11 5 48503 0
81 16 10 19 5 49106 1
82 7 11 6 9 49871 0
83 11 11 15 0 50707 1
84 12 17 14 3 51386 0
85 3 18 1 16 52198 0
86 1 16 4 17 52679 0
87 13 3 12 1 53286 1
88 8 14 1 2 53863 1
89 2 14 10 15 54748 0
90 5 6 17 19 55098 0
91 7 6 3 10 55632 0
92 19 6 1 19 56475 0
93 7 13 5 5 57203 0
94 19 16 0 3 57637 0
95 7 13 7 5 58000 1
96 0 4 6 5 58453 1
97 17 0 7 6 59042 0
98 17 17 11 10 59474 0
99 13 12 9 19 59791 0
100 10 0 7 18 60464 0
101 13 1 5 2 61236 0
102 10 14 15 13 61950 1
103 15 19 1 11 62355 1
104 9 10 3 4 62715 1
105 17 8 9 10 63157 0
106 7 18 2 17 63824 1
107 12 18 12 13 64315 1
108 1 4 0 10 65009 0
109 19 7 12 16 65431 1
110 1 6 7 0 65979 0
111 16 17 6 0 66615 1
112 4 18 19 8 67152 0
113 5 2 16 19 67920 1
114 7 15 3 7 68447 0
115 13 14 4 9 69050 0
116 11 5 8 11 69808 1
117 5 19 2 0 70470 1
118 2 16 17 11 70866 0
119 10 18 1 10 71525 1
-1
