depot (x,y)
0 0
time horizon
72000
#id x(pickup) y(pickup) x(delivery) y(delivery) arrival_time people (0) or parcel (1)
0 11 11 5 9 386 0
1 15 15 16 13 1037 1
2 10 14 2 19 1582 0
3 15 4 12 13 1889 0
4 18 4 4 12 2605 1
5 9 7 17 17 3355 0
6 16 17 12 19 3828 1
7 18 10 4 0 4649 1
8 7 2 2 5 5072 1
9 13 8 15 14 5887 1
10 10 10 10 13 6588 0
11 11 1 18 8 6933 1
12 5 17 7 6 7814 0
13 2 19 5 9 8289 0
14 18 12 12 7 9096 0
15 1 1 16 17 9883 1
16 6 0 18 12 10431 1
17 2 14 16 15 10897 0
18 2 10 15 5 11400 0
19 13 4 0 17 12105 0
20 17 0 16 7 12592 0
21 13 9 1 8 12974 1
22 3 14 3 18 13735 0
23 14 15 18 7 14388 1
24 7 7 2 6 14999 0
25 18 4 12 12 15621 0
26 2 15 2 11 16079 1
27 16 8 13 1 16884 0
28 2 14 1 12 17583 1
29 14 10 16 18 18083 0
30 6 16 13 5 18963 0
31 19 10 6 19 19512 1
32 7 8 3 9 19921 1
33 15 17 4 1 20738 1
34 11 7 17 2 21516 1
35 0 1 2 6 22126 0
36 14 5 3 7 22823 1
37 17 8 3 10 23344 1
38 19 15 15 0 23900 1
39 13 3 14 15 24442 1
40 8 4 13 10 25082 0
41 1 4 1 1 25432 1
42 3 11 19 11 25795 0
43 15 1 5 10 26642 1
44 9 6 14 13 27165 0
45 13 5 8 12 28007 1
46 17 9 10 7 28533 1
47 14 4 19 12 29203 1
48 3 18 1 8 29597 1
49 13 2 11 0 30363 0
50 9 13 2 11 30744 1
51 15 9 3 2 31460 1
52 15 16 10 13 31779 1
53 17 13 7 15 32463 1
54 11 0 3 13 32885 1
55 19 11 0 3 33431 0
56 17 15 6 19 34241 0
57 16 18 5 19 34740 1
58 11 6 7 16 35268 0
59 13 4 2 14 36145 1
60 3 7 7 6 36798 0
61 6 3 19 7 37388 0
62 10 8 9 10 37920 1
63 11 12 5 11 38315 0
64 4 8 18 13 39021 0
65 19 19 5 2 39508 0
66 2 7 17 4 39889 0
67 14 18 10 18 40304 1
68 1 9 7 7 41008 0
69 14 0 1 15 41588 1
70 12 8 8 1 42059 0
71 5 10 16 4 42752 1
72 10 10 3 0 43383 1
73 17 0 9 0 43875 1
74 6 2 15 0 44643 1
75 13 9 3 2 45373 0
76 5 0 3 6 46147 1
77 4 5 11 7 46528 1
78 2 16 4 1 47185 1
79 1 1 10 13 48042 1
80 12 12 10 5 48921 0
81 18 2 19 16 49655 0
82 16 9 1 9 50313 0
83 2 11 17 16 51026 1
84 9 9 6 12 51496 0
85 9 12 18 10 51813 0
86 6 7 11 0 52254 0
87 10 0 5 6 52668 1
88 4 19 12 13 53467 0
89 14 10 18 7 53874 0
90 13 10 7 13 54245 0
91 19 9 9 10 55098 1
92 10 17 3 17 55526 1
93 1 7 7 0 55939 0
94 12 6 9 10 56456 1
95 4 11 2 13 57299 0
96 6 16 12 11 57634 1
97 19 7 3 2 58387 1
98 11 1 11 9 58689 1
99 10 9 1 8 59450 1
100 6 18 6 9 60309 0
101 17 3 16 0 60802 1
102 8 15 10 1 61295 1
103 11 9 16 0 61751 0
104 13 13 1 19 62077 0
105 1 18 5 11 62731 0
106 12 12 3 8 63567 0
107 8 7 4 17 63956 1
108 1 1 6 4 64520 1
109 3 17 0 18 65329 1
110 14 2 9 19 65720 0
111 9 11 6 4 66240 0
112 2 7 16 3 66748 1
113 8 8 11 8 67419 0
114 1 4 0 2 67949 1
115 18 18 9 9 68475 1
116 4 1 15 0 68842 1
117 1 15 1 1 69316 1
118 11 9 14 5 69984 0
119 11 10 4 2 70846 1
120 11 3 15 0 71491 0
-1
