depot (x,y)
0 0
time horizon
72000
#id x(pickup) y(pickup) x(delivery) y(delivery) arrival_time people (0) or parcel (1)
0 11 2 2 13 215 1
1 14 17 7 6 469 1
2 9 8 1 17 612 0
3 4 19 5 6 741 0
4 14 10 15 1 908 1
5 10 18 10 17 1125 1
6 7 0 2 2 1289 0
7 0 11 5 16 1457 0
8 12 15 13 12 1619 0
9 17 10 9 1 1908 1
10 6 12 6 0 2074 1
11 6 2 1 14 2299 0
12 19 2 17 0 2451 1
13 9 6 18 7 2730 1
14 17 12 9 8 2989 0
15 17 17 6 1 3209 0
16 15 11 14 1 3435 1
17 14 8 18 0 3658 0
18 7 3 5 8 3851 1
19 2 2 11 1 4053 0
20 8 12 12 8 4235 0
21 3 17 6 1 4439 0
22 5 13 7 4 4618 0
23 12 19 16 5 4854 0
24 9 13 17 0 5069 1
25 3 18 16 7 5336 1
26 5 14 16 3 5460 1
27 13 17 8 1 5640 1
28 7 16 0 19 5845 0
29 17 1 8 2 6135 0
30 13 11 18 5 6327 1
31 8 6 16 3 6478 0
32 14 9 5 16 6644 0
33 2 12 17 4 6830 1
34 7 3 18 9 7031 0
35 9 1 18 12 7298 0
36 9 9 0 13 7567 1
37 18 12 5 10 7724 0
38 19 5 11 4 7932 1
39 1 19 16 6 8110 0
40 18 6 2 9 8402 0
41 19 1 18 4 8601 0
42 0 11 18 10 8767 0
43 15 16 19 4 8909 1
44 0 8 14 6 9076 1
45 14 15 8 8 9370 0
46 19 15 17 14 9537 0
47 4 12 1 11 9707 0
48 9 15 14 18 9874 0
49 12 10 17 18 10015 0
50 15 15 6 17 10189 0
51 5 14 11 17 10389 1
52 17 19 13 8 10551 1
53 11 19 16 4 10741 1
54 16 9 11 1 11008 1
55 9 3 9 4 11135 1
56 1 5 0 11 11279 0
57 0 5 15 14 11498 1
58 5 2 1 14 11789 0
59 8 2 2 14 11954 1
60 14 13 1 9 12198 0
61 7 12 5 9 12443 1
62 3 5 9 7 12653 1
63 19 1 1 5 12864 0
64 12 11 3 15 13093 0
65 18 5 18 14 13388 0
66 13 7 0 12 13630 1
67 2 15 7 7 13831 0
68 19 0 8 10 14010 1
69 15 4 14 18 14258 0
70 2 4 10 19 14424 1
71 9 15 19 18 14569 1
72 6 8 18 6 14714 1
73 18 4 6 11 14885 1
74 2 11 19 11 15070 1
75 12 18 1 12 15359 0
76 16 13 12 12 15641 0
77 0 15 12 12 15793 0
78 1 8 10 19 16055 1
79 19 8 12 10 16208 0
80 6 0 6 16 16445 0
81 7 7 2 12 16641 0
82 19 4 17 6 16908 0
83 7 2 4 19 17161 1
84 4 9 13 10 17337 0
85 9 17 16 6 17611 0
86 12 2 13 8 17778 1
87 0 12 6 8 18063 0
88 9 6 1 15 18246 1
89 5 2 16 8 18408 1
90 2 11 11 12 18703 1
91 6 14 16 8 18854 0
92 18 19 2 15 19133 0
93 14 5 4 7 19398 0
94 2 13 12 10 19559 0
95 1 5 6 1 19802 1
96 15 17 4 4 19993 0
97 0 18 4 19 20148 0
98 11 2 15 2 20324 0
99 2 18 12 8 20609 0
100 16 18 15 0 20834 1
101 5 3 9 14 21032 0
102 5 0 18 6 21271 1
103 4 17 5 15 21437 0
104 12 6 1 13 21720 1
105 14 0 12 17 21989 0
106 0 13 5 6 22144 0
107 15 14 19 13 22422 1
108 1 14 4 15 22616 1
109 16 9 2 8 22774 1
110 8 11 12 18 22963 1
111 13 5 3 10 23185 1
112 1 4 1 18 23384 0
113 16 18 14 13 23603 0
114 19 7 13 12 23900 1
115 9 0 10 6 24158 1
116 9 19 12 12 24335 1
117 12 9 14 8 24611 0
118 3 9 15 10 24855 1
119 3 13 6 6 25042 0
120 6 5 14 4 25308 0
121 12 10 11 2 25542 0
122 10 17 14 8 25715 0
123 19 8 14 8 25977 1
124 17 12 13 6 26137 1
125 6 13 17 12 26372 0
126 12 18 13 17 26636 1
127 18 14 19 14 26925 0
128 9 19 13 8 27221 1
129 19 0 12 12 27354 0
130 13 17 19 10 27623 1
131 5 10 1 18 27773 1
132 2 4 18 6 28046 0
133 17 0 19 2 28276 1
134 17 14 3 19 28511 0
135 14 6 12 18 28690 0
136 5 12 15 16 28886 1
137 15 12 8 15 29046 1
138 10 12 9 0 29188 1
139 18 17 9 16 29388 1
140 5 3 7 14 29629 1
141 17 14 1 16 29835 1
142 15 3 0 16 30050 0
143 10 14 2 9 30279 1
144 5 11 7 14 30575 0
145 13 8 3 14 30875 0
146 8 8 5 14 31078 1
147 5 5 15 0 31322 0
148 17 1 18 14 31518 1
149 4 11 11 9 31693 0
150 11 6 19 2 31881 0
151 12 4 8 2 32111 0
152 5 13 9 13 32361 0
153 8 13 4 16 32527 1
154 18 17 2 3 32756 1
155 12 2 12 2 33054 0
156 18 9 16 2 33188 0
157 7 3 12 2 33367 1
158 19 9 19 10 33497 1
159 19 4 4 13 33713 1
160 1 4 8 18 33974 0
161 7 18 3 9 34262 1
162 15 3 0 16 34500 1
163 3 10 11 2 34787 0
164 18 14 12 17 34933 1
165 13 8 18 1 35074 0
166 5 1 2 15 35259 1
167 19 13 12 2 35504 0
168 3 17 0 19 35685 1
169 5 2 2 17 35890 0
170 17 13 10 16 36119 1
171 4 2 7 12 36255 0
172 19 0 9 14 36425 0
173 6 2 12 15 36689 1
174 9 5 12 12 36959 1
175 10 7 9 16 37196 0
176 0 10 0 17 37447 1
177 12 17 15 14 37718 0
178 4 2 11 2 37849 0
179 9 12 12 3 38049 1
180 18 18 7 9 38217 0
181 9 5 17 6 38486 1
182 10 0 8 5 38770 1
183 13 18 5 3 38920 1
184 6 12 8 3 39172 0
185 5 10 7 9 39469 0
186 15 3 7 13 39768 1
187 3 13 3 1 40022 0
188 13 5 14 2 40166 0
189 18 0 13 7 40431 1
190 14 2 14 2 40645 1
191 2 2 1 18 40936 1
192 3 13 15 12 41118 1
193 12 10 11 9 41249 0
194 6 14 3 6 41528 1
195 0 3 16 12 41705 1
196 5 3 4 0 41908 0
197 3 6 12 0 42051 0
198 8 14 5 17 42221 1
199 7 0 19 4 42342 0
200 11 6 5 12 42567 0
201 17 10 6 10 42828 0
202 4 7 19 15 42976 1
203 9 3 18 18 43102 1
204 3 4 3 2 43323 0
205 1 12 4 18 43596 0
206 4 5 18 19 43746 1
207 5 18 4 14 44024 0
208 13 13 12 2 44177 0
209 16 8 4 6 44456 1
210 9 6 18 4 44688 0
211 12 11 18 19 44934 0
212 10 19 3 9 45219 1
213 3 13 18 19 45432 0
214 18 16 14 15 45673 1
215 9 2 18 10 45812 1
216 6 19 6 18 46058 1
217 11 2 8 2 46214 0
218 15 6 6 9 46351 1
219 10 0 5 18 46627 0
220 14 5 19 7 46753 1
221 17 7 12 12 46905 0
222 17 8 3 12 47166 0
223 13 16 10 0 47328 1
224 19 10 0 19 47521 1
225 11 16 6 5 47801 0
226 13 15 18 2 47930 1
227 16 8 18 3 48073 0
228 1 12 4 12 48237 0
229 5 3 12 19 48400 1
230 0 17 14 14 48629 1
231 11 0 18 12 48852 1
232 6 2 4 13 49010 0
233 6 18 12 11 49186 1
234 6 12 6 1 49369 0
235 5 8 1 10 49534 1
236 5 4 16 12 49764 0
237 1 1 2 12 49954 0
238 11 14 5 9 50167 1
239 15 13 3 13 50298 1
240 12 12 19 11 50514 0
241 9 2 0 6 50799 1
242 6 8 19 18 51066 0
243 2 3 19 17 51304 0
244 11 12 7 13 51452 1
245 14 15 1 11 51659 1
246 10 2 9 7 51804 0
247 4 10 19 15 52097 0
248 0 5 3 13 52292 1
249 10 13 7 3 52574 0
250 8 7 5 4 52777 0
251 7 8 4 13 53059 1
252 9 4 4 9 53259 1
253 10 13 5 4 53463 1
254 8 16 0 5 53698 1
255 3 11 12 0 53930 1
256 1 14 17 2 54163 0
257 6 17 15 17 54431 0
258 15 9 3 4 54658 0
259 4 10 7 16 54822 1
260 16 8 19 9 55084 1
261 13 11 6 5 55250 0
262 12 5 15 14 55521 0
263 5 0 18 2 55813 0
264 3 7 3 6 55971 0
265 15 19 9 11 56227 1
266 1 13 14 17 56403 0
267 4 14 11 19 56587 1
268 10 15 3 2 56713 0
269 6 16 6 10 56870 0
270 18 4 4 17 57044 0
271 1 0 3 2 57250 1
272 10 18 10 12 57370 0
273 19 14 2 1 57578 0
274 6 7 8 10 57816 0
275 3 7 13 1 58069 0
276 7 4 1 10 58238 0
277 15 4 18 15 58421 1
278 2 5 13 14 58571 0
279 2 11 13 9 58731 1
280 12 15 11 13 58870 0
281 10 14 13 19 59110 1
282 1 10 18 6 59271 0
283 12 12 15 1 59410 0
284 10 8 3 15 59609 0
285 3 14 1 12 59767 0
286 11 18 2 17 59947 1
287 8 11 17 14 60110 1
288 14 18 17 10 60363 0
289 3 1 18 12 60601 0
290 2 5 17 18 60796 1
291 18 9 13 15 60928 1
292 1 16 17 14 61051 0
293 6 6 14 11 61275 1
294 1 11 14 12 61454 1
295 3 5 9 4 61698 0
296 14 6 5 4 61850 0
297 6 16 11 11 62041 1
298 4 5 7 4 62325 0
299 19 13 6 6 62465 1
300 4 14 14 4 62707 0
301 9 14 9 0 62856 0
302 9 17 6 8 63054 1
303 1 0 11 12 63192 0
304 9 19 11 3 63426 0
305 10 10 18 0 63674 1
306 15 8 18 4 63815 1
307 11 12 15 18 63951 0
308 17 16 11 0 64211 1
309 8 8 9 7 64349 1
310 11 14 6 4 64627 1
311 16 4 19 5 64924 0
312 5 1 7 17 65111 0
313 11 2 0 15 65396 1
314 10 2 15 2 65618 0
315 16 5 6 19 65808 1
316 6 10 9 5 66041 1
317 18 18 19 3 66249 1
318 2 5 2 19 66508 0
319 4 16 11 9 66768 1
320 8 2 0 3 67042 1
321 8 8 19 6 67209 1
322 5 7 16 9 67497 0
323 12 16 3 3 67627 1
324 12 4 7 12 67787 1
325 0 19 8 12 68051 0
326 1 11 14 9 68268 1
327 4 11 5 13 68476 0
328 7 14 10 7 68616 1
329 14 11 8 11 68887 0
330 7 14 2 17 69065 0
331 8 17 9 7 69351 1
332 4 1 4 11 69508 0
333 4 15 6 9 69784 0
334 13 3 16 14 70015 1
335 13 9 2 4 70173 1
336 15 1 4 10 70437 1
337 10 7 5 15 70577 0
338 16 11 6 5 70851 0
339 14 10 1 1 71005 0
340 5 16 0 6 71211 1
341 3 2 18 6 71487 1
342 7 4 9 16 71740 0
343 4 14 8 10 71881 0
-1
