Starting time = 51658-04-13 14:21:30, total reqs = 8, total truck = 8
2 1568010727 791.0 0 5
3 1568010727 758.0 0 5
4 1568010727 648.0 0 4
6 1568010727 764.0 0 6
7 1568010727 788.0 0 3
8 1568010727 696.0 0 5
9 1568010727 680.0 0 5
10 1568010727 744.0 0 6
11 1568010727 711.0 0 3
12 1568010727 782.0 0 4
13 1568010727 636.0 0 5
15 1568010727 691.0 0 6
16 1568010727 591.0 0 5
17 1568010727 696.0 0 6
18 1568010727 680.0 0 6
19 1568010727 581.0 0 3
21 1568010727 726.0 0 6
22 1568010727 663.0 0 4
24 1568010727 681.0 0 5
25 1568010727 682.0 0 4
27 1568010727 644.0 0 7
28 1568010727 628.0 0 5
30 1568010727 616.0 0 5
31 1568010727 661.0 0 6
33 1568010727 711.0 0 5
34 1568010727 719.0 0 4
35 1568010727 696.0 0 5
36 1568010727 710.0 0 6
37 1568010727 753.0 0 6
38 1568010727 672.0 0 5
39 1568010727 598.0 0 3
42 1568010728 550.0 0 3
55 1568010728 534.0 0 3
63 1568010728 513.0 0 3
75 1568010728 548.0 0 2
106 1568010728 511.0 0 2
147 1568010729 501.0 0 2
337 1568010731 492.0 0 5
338 1568010731 516.0 0 3
343 1568010731 513.0 0 3
345 1568010731 500.0 0 2
386 1568010731 494.0 0 2
538 1568010733 492.0 0 5
539 1568010733 524.0 0 4
545 1568010733 516.0 0 3
548 1568010733 457.0 0 3
577 1568010733 512.0 0 1
650 1568010734 492.0 0 5
651 1568010734 560.0 0 4
653 1568010734 488.0 0 3
660 1568010734 426.0 0 3
723 1568010735 584.0 0 2
738 1568010735 570.0 0 5
739 1568010735 522.0 0 3
741 1568010735 457.0 0 3
753 1568010735 501.0 0 2
860 1568010736 484.0 0 5
861 1568010736 566.0 0 3
865 1568010736 472.0 0 3
869 1568010736 598.0 0 2
872 1568010736 532.0 0 2
909 1568010737 492.0 0 5
910 1568010737 531.0 0 3
914 1568010737 516.0 0 3
920 1568010737 512.0 0 3
924 1568010737 506.0 0 3
925 1568010737 510.0 0 2
938 1568010737 501.0 0 2
969 1568010737 490.0 0 2
976 1568010737 488.0 0 2
1002 1568010738 488.0 0 2
route[1] = 1  -> 2
route[2] = 3  -> 4
route[3] = 5  -> 6
route[4] = 7  -> 8
route[5] = 9  -> 29  -> 23  -> 51  -> 52  -> 37  -> 38  -> 47  -> 48  -> 39  -> 40  -> 49  -> 43  -> 50  -> 33  -> 44  -> 34  -> 24  -> 30  -> 10
route[6] = 11  -> 12
route[7] = 13  -> 14
route[8] = 15  -> 21  -> 31  -> 35  -> 36  -> 32  -> 22  -> 16

end time = 51658-04-13 17:21:54, total runtime = 10.826, #RejectedReqs = 0, nb Trucks = 2, cost = 613.0
