time limit = 36000000, nbIters = 100000, maxStable = 1000
#Request = 70
iter=====insertion=====removal=====time=====cost=====nbReject=====nbTrucks
0 -1 -1  1566873487 215831.0 0 3
3 1 1 1566873491 215326.0 0 3
4 0 5 1566873500 215187.0 0 3
34 1 1 1566873615 214184.0 0 3
147 5 5 1566874539 197592.0 0 3
160 5 5 1566874591 196777.0 0 3
209 5 5 1566874701 192176.0 0 3
210 0 1 1566874710 191836.0 0 3
215 4 1 1566874746 191413.0 0 3
217 0 5 1566874752 187006.0 0 3
252 0 5 1566874812 182260.0 0 3
258 0 4 1566874842 181435.0 0 2
292 5 1 1566875060 180063.0 0 2
299 1 5 1566875150 176539.0 0 2
352 1 1 1566875508 174835.0 0 2
358 5 7 1566875518 174455.0 0 2
406 5 1 1566875825 172645.0 0 2
423 4 1 1566875892 170597.0 0 2
603 1 1 1566876719 166309.0 0 2
615 1 5 1566876793 166117.0 0 2
966 4 1 1566878670 165958.0 0 2
972 0 5 1566878702 165069.0 0 2
989 0 1 1566878928 161242.0 0 2
1027 1 5 1566879291 159704.0 0 2
1257 4 1 1566880649 157156.0 0 2
1518 1 1 1566882223 153573.0 0 2
1781 1 1 1566882958 152127.0 0 2
1829 0 1 1566883181 151915.0 0 2
1920 4 1 1566883583 147936.0 0 2
5480 0 1 1566896684 147931.0 0 2
5510 0 5 1566896836 147391.0 0 2
5527 0 1 1566896959 147259.0 0 2
5655 5 1 1566897502 145614.0 0 2
5706 1 1 1566897614 144855.0 0 2
5808 1 1 1566897919 142840.0 0 2
5919 0 1 1566898188 140614.0 0 2
5930 0 5 1566898221 140308.0 0 2
5938 5 5 1566898240 139852.0 0 2
6626 5 1 1566900247 139478.0 0 2
7093 1 1 1566901532 137998.0 0 2
7176 1 1 1566901680 137647.0 0 2
7781 4 1 1566903312 137278.0 0 2
7826 0 5 1566903463 135367.0 0 2
7843 1 1 1566903480 134340.0 0 2
8039 4 1 1566903939 133127.0 0 2
8358 1 1 1566904784 132585.0 0 2
10168 -1 -1 1566909491 132585.0 0 2
route[1] = 1  -> 2
route[2] = 3  -> 4
route[3] = 5  -> 6
route[4] = 7  -> 8
route[5] = 9  -> 10
route[6] = 11  -> 12
route[7] = 13  -> 14
route[8] = 15  -> 16
route[9] = 17  -> 18
route[10] = 19  -> 29  -> 111  -> 495  -> 496  -> 112  -> 309  -> 325  -> 326  -> 310  -> 227  -> 228  -> 463  -> 464  -> 205  -> 206  -> 303  -> 307  -> 304  -> 308  -> 483  -> 485  -> 484  -> 319  -> 486  -> 320  -> 515  -> 513  -> 514  -> 445  -> 446  -> 516  -> 399  -> 317  -> 318  -> 509  -> 400  -> 301  -> 510  -> 121  -> 122  -> 217  -> 218  -> 302  -> 487  -> 83  -> 488  -> 84  -> 30  -> 20
route[11] = 21  -> 22
route[12] = 23  -> 24
route[13] = 25  -> 33  -> 503  -> 69  -> 504  -> 507  -> 508  -> 447  -> 448  -> 497  -> 498  -> 473  -> 70  -> 305  -> 474  -> 306  -> 499  -> 239  -> 240  -> 500  -> 479  -> 263  -> 480  -> 264  -> 477  -> 491  -> 478  -> 425  -> 426  -> 345  -> 346  -> 311  -> 492  -> 312  -> 95  -> 169  -> 96  -> 435  -> 170  -> 391  -> 436  -> 365  -> 366  -> 67  -> 68  -> 392  -> 189  -> 277  -> 278  -> 289  -> 290  -> 190  -> 511  -> 505  -> 512  -> 313  -> 506  -> 314  -> 489  -> 407  -> 490  -> 408  -> 501  -> 502  -> 297  -> 323  -> 324  -> 298  -> 133  -> 134  -> 321  -> 322  -> 315  -> 385  -> 386  -> 299  -> 316  -> 300  -> 493  -> 177  -> 178  -> 375  -> 376  -> 163  -> 494  -> 164  -> 481  -> 259  -> 482  -> 260  -> 349  -> 335  -> 336  -> 147  -> 350  -> 148  -> 34  -> 26
route[14] = 27  -> 28

end time = 51623-05-21 19:25:29, total reqs = 70, #RejectedReqs = 0, nb Trucks = 2, cost = 132585.0
