#nb trucks
2
#intermediate truck points
10 5 0 2 15 1 8 9 11 12 6 3 
#truck (depot,  terminus)
7 4
14 13
#nb trailers
2
#intermediate trailer points
15 1 8 9 11 12 6 3 
#trailer (depot,  terminus)
10 0
5 2
#nb containers(for export empty request): the emptyContainer must be pickup at each one
1
#intermediate Container points
1 8 9 11 12 6 3 
#Container (depot)
15
#nb returned container depots (for import empty request): the emptyContainer must be delivery at each one
1
#return-depot container
1 
#export empty: [warehouse isBreakRomooc]
1
8 0
#import empty: [warehouse]
1
11
#export laden: [warehouse port isBreakRomooc]
1
9 6 0
#import laden: [port warehouse isBreakRomooc]
1
3 12 0
#nb Logical points
16
#time window: [pointId earliestArrivalTime latestArrivalTime servingTime]
0 0 1000000 0
1 0 275 2
2 0 1000000 0
3 -39 141 2
4 0 1000000 0
5 0 1000000 0
6 0 170 2
7 0 1000000 0
8 -42 140 2
9 -26 1000000 2
10 0 1000000 0
11 89 1000000 2
12 -34 148 2
13 0 1000000 0
14 0 1000000 0
15 -61 119 2
#travel distance(time) matrix:[from to travelTime]
240
0 1 29
0 2 22
0 3 29
0 4 7
0 5 2
0 6 25
0 7 19
0 8 26
0 9 14
0 10 31
0 11 22
0 12 8
0 13 14
0 14 19
0 15 3
1 0 9
1 2 30
1 3 39
1 4 20
1 5 41
1 6 32
1 7 30
1 8 28
1 9 31
1 10 41
1 11 20
1 12 40
1 13 36
1 14 13
1 15 29
2 0 33
2 1 33
2 3 34
2 4 7
2 5 38
2 6 5
2 7 2
2 8 38
2 9 7
2 10 18
2 11 3
2 12 10
2 13 36
2 14 3
2 15 25
3 0 6
3 1 27
3 2 28
3 4 26
3 5 39
3 6 33
3 7 6
3 8 2
3 9 39
3 10 15
3 11 13
3 12 5
3 13 29
3 14 38
3 15 32
4 0 18
4 1 19
4 2 30
4 3 37
4 5 39
4 6 20
4 7 15
4 8 30
4 9 14
4 10 32
4 11 27
4 12 36
4 13 7
4 14 29
4 15 3
5 0 30
5 1 16
5 2 35
5 3 21
5 4 38
5 6 24
5 7 36
5 8 23
5 9 24
5 10 9
5 11 31
5 12 38
5 13 16
5 14 35
5 15 8
6 0 7
6 1 31
6 2 13
6 3 21
6 4 14
6 5 10
6 7 22
6 8 31
6 9 29
6 10 15
6 11 25
6 12 27
6 13 4
6 14 36
6 15 8
7 0 36
7 1 31
7 2 30
7 3 32
7 4 7
7 5 37
7 6 35
7 8 26
7 9 19
7 10 36
7 11 28
7 12 17
7 13 27
7 14 18
7 15 27
8 0 39
8 1 9
8 2 15
8 3 29
8 4 10
8 5 40
8 6 14
8 7 27
8 9 4
8 10 6
8 11 2
8 12 27
8 13 16
8 14 20
8 15 29
9 0 30
9 1 16
9 2 28
9 3 4
9 4 14
9 5 4
9 6 14
9 7 38
9 8 22
9 10 20
9 11 7
9 12 27
9 13 30
9 14 23
9 15 6
10 0 10
10 1 9
10 2 12
10 3 12
10 4 34
10 5 12
10 6 21
10 7 24
10 8 34
10 9 30
10 11 12
10 12 36
10 13 4
10 14 7
10 15 30
11 0 31
11 1 4
11 2 30
11 3 28
11 4 16
11 5 6
11 6 18
11 7 24
11 8 27
11 9 21
11 10 13
11 12 4
11 13 20
11 14 32
11 15 40
12 0 30
12 1 29
12 2 24
12 3 39
12 4 15
12 5 37
12 6 20
12 7 11
12 8 11
12 9 40
12 10 21
12 11 37
12 13 4
12 14 5
12 15 37
13 0 22
13 1 7
13 2 8
13 3 2
13 4 16
13 5 40
13 6 11
13 7 9
13 8 39
13 9 16
13 10 35
13 11 6
13 12 34
13 14 36
13 15 22
14 0 23
14 1 41
14 2 18
14 3 36
14 4 16
14 5 18
14 6 5
14 7 9
14 8 10
14 9 35
14 10 7
14 11 13
14 12 36
14 13 6
14 15 30
15 0 21
15 1 35
15 2 20
15 3 39
15 4 18
15 5 29
15 6 7
15 7 15
15 8 19
15 9 2
15 10 9
15 11 25
15 12 10
15 13 19
15 14 2
