osar-W20-H20-minDT120-maxDT300-Horizon72000.ins1.txt-costovertime-reoptimize	13403.60031336397	8659.292618091704	8265.092758599256	5103.33514170065
osar-W20-H20-minDT120-maxDT300-Horizon72000.ins2.txt-costovertime-reoptimize	13374.683591791167	7607.634825533552	7932.41346342133	5279.9306601333765
osar-W20-H20-minDT120-maxDT300-Horizon72000.ins3.txt-costovertime-reoptimize	13730.057120587695	8144.352977524184	8179.279359523164	5299.809756662661
osar-W20-H20-minDT120-maxDT300-Horizon72000.ins4.txt-costovertime-reoptimize	13592.124758796292	8506.279104322603	8437.682511104002	5480.40185984397
osar-W20-H20-minDT120-maxDT300-Horizon72000.ins5.txt-costovertime-reoptimize	13573.669372887294	8470.240439992747	7807.733753864216	5100.508244576188
osar-W20-H20-minDT300-maxDT900-Horizon72000.ins1.txt-costovertime-reoptimize	4816.419209544221	3446.147260494259	3484.671111321811	2518.6030048529865
osar-W20-H20-minDT300-maxDT900-Horizon72000.ins2.txt-costovertime-reoptimize	4567.1156142081245	3006.754235451115	2995.1551557586367	2251.623855314472
osar-W20-H20-minDT300-maxDT900-Horizon72000.ins3.txt-costovertime-reoptimize	4642.144990823122	3187.2808209224067	3007.171406433591	2285.578285909589
osar-W20-H20-minDT300-maxDT900-Horizon72000.ins4.txt-costovertime-reoptimize	4724.09352085822	3004.5537445725745	3040.629460039249	2227.8023763339183
osar-W20-H20-minDT300-maxDT900-Horizon72000.ins5.txt-costovertime-reoptimize	4764.700968582457	2996.526840842341	3389.9708667230407	2300.299345743468
