#nb trucks
2
#intermediate truck points
7 0 15 14 16 13 12 8 17 4 3 2 1 6 5 
#truck (depot,  terminus)
9 11
10 18
#nb trailers
2
#intermediate trailer points
16 13 12 8 17 4 3 2 1 6 5 
#trailer (depot,  terminus)
7 15
0 14
#nb containers(for export empty request): the emptyContainer must be pickup at each one
2
#intermediate Container points
12 8 17 4 3 2 1 6 5 
#Container (depot)
16 2
13 1
#nb returned container depots (for import empty request): the emptyContainer must be delivery at each one
3
#return-depot container
12 2
8 1
17 1 
#export empty: [warehouse isBreakRomooc]
1
4 0 2
#import empty: [warehouse]
1
2 2
#export laden: [warehouse port isBreakRomooc]
1
3 6 0 2
#import laden: [port warehouse isBreakRomooc]
1
5 1 0 2
#nb Logical points
19
#time window: [pointId earliestArrivalTime latestArrivalTime servingTime]
0 0 1000000 0
1 284 466 2
2 141 1000000 2
3 3 1000000 2
4 -3 179 2
5 267 447 2
6 0 225 2
7 0 1000000 0
8 0 1000000 0
9 0 1000000 0
10 0 1000000 0
11 0 1000000 0
12 0 329 2
13 0 1000000 0
14 0 1000000 0
15 0 1000000 0
16 -27 153 2
17 0 1000000 0
18 0 1000000 0
#travel distance(time) matrix:[from to travelTime]
342
0 1 9
0 2 12
0 3 34
0 4 37
0 5 35
0 6 36
0 7 35
0 8 16
0 9 16
0 10 12
0 11 4
0 12 19
0 13 9
0 14 12
0 15 30
0 16 27
0 17 24
0 18 22
1 0 9
1 2 32
1 3 4
1 4 3
1 5 14
1 6 15
1 7 9
1 8 9
1 9 18
1 10 25
1 11 3
1 12 18
1 13 20
1 14 31
1 15 24
1 16 27
1 17 7
1 18 24
2 0 21
2 1 39
2 3 18
2 4 2
2 5 33
2 6 24
2 7 5
2 8 1
2 9 6
2 10 26
2 11 23
2 12 66
2 13 29
2 14 20
2 15 10
2 16 14
2 17 41
2 18 3
3 0 32
3 1 29
3 2 4
3 4 21
3 5 23
3 6 40
3 7 6
3 8 15
3 9 15
3 10 37
3 11 29
3 12 36
3 13 13
3 14 7
3 15 38
3 16 10
3 17 24
3 18 25
4 0 8
4 1 2
4 2 16
4 3 38
4 5 33
4 6 4
4 7 30
4 8 3
4 9 19
4 10 29
4 11 31
4 12 10
4 13 38
4 14 6
4 15 2
4 16 20
4 17 25
4 18 18
5 0 17
5 1 17
5 2 27
5 3 11
5 4 12
5 6 7
5 7 12
5 8 18
5 9 16
5 10 5
5 11 17
5 12 41
5 13 23
5 14 19
5 15 35
5 16 7
5 17 41
5 18 32
6 0 17
6 1 31
6 2 25
6 3 24
6 4 20
6 5 21
6 7 26
6 8 8
6 9 8
6 10 39
6 11 16
6 12 30
6 13 35
6 14 35
6 15 19
6 16 26
6 17 22
6 18 19
7 0 21
7 1 3
7 2 40
7 3 9
7 4 29
7 5 23
7 6 26
7 8 17
7 9 28
7 10 11
7 11 13
7 12 26
7 13 37
7 14 35
7 15 31
7 16 24
7 17 10
7 18 23
8 0 21
8 1 9
8 2 1
8 3 27
8 4 27
8 5 25
8 6 29
8 7 33
8 9 30
8 10 37
8 11 17
8 12 12
8 13 2
8 14 41
8 15 23
8 16 12
8 17 1
8 18 14
9 0 39
9 1 17
9 2 22
9 3 36
9 4 19
9 5 5
9 6 18
9 7 15
9 8 31
9 10 27
9 11 10
9 12 17
9 13 6
9 14 38
9 15 19
9 16 12
9 17 23
9 18 32
10 0 33
10 1 10
10 2 22
10 3 40
10 4 30
10 5 35
10 6 39
10 7 14
10 8 36
10 9 18
10 11 6
10 12 30
10 13 28
10 14 12
10 15 18
10 16 22
10 17 25
10 18 30
11 0 40
11 1 22
11 2 6
11 3 11
11 4 11
11 5 11
11 6 12
11 7 7
11 8 9
11 9 8
11 10 32
11 12 18
11 13 8
11 14 34
11 15 9
11 16 28
11 17 8
11 18 30
12 0 15
12 1 25
12 2 66
12 3 2
12 4 31
12 5 26
12 6 30
12 7 37
12 8 3
12 9 8
12 10 11
12 11 35
12 13 38
12 14 5
12 15 30
12 16 16
12 17 29
12 18 33
13 0 5
13 1 24
13 2 17
13 3 14
13 4 38
13 5 25
13 6 33
13 7 24
13 8 17
13 9 15
13 10 21
13 11 20
13 12 28
13 14 26
13 15 29
13 16 28
13 17 29
13 18 13
14 0 15
14 1 5
14 2 10
14 3 29
14 4 40
14 5 37
14 6 28
14 7 4
14 8 18
14 9 4
14 10 34
14 11 9
14 12 19
14 13 38
14 15 10
14 16 38
14 17 14
14 18 41
15 0 26
15 1 38
15 2 3
15 3 26
15 4 21
15 5 16
15 6 17
15 7 6
15 8 17
15 9 37
15 10 4
15 11 32
15 12 29
15 13 18
15 14 18
15 16 38
15 17 39
15 18 18
16 0 15
16 1 16
16 2 11
16 3 36
16 4 24
16 5 23
16 6 32
16 7 28
16 8 4
16 9 29
16 10 29
16 11 40
16 12 39
16 13 14
16 14 17
16 15 9
16 17 8
16 18 10
17 0 40
17 1 20
17 2 34
17 3 7
17 4 17
17 5 12
17 6 16
17 7 31
17 8 1
17 9 30
17 10 41
17 11 11
17 12 17
17 13 41
17 14 36
17 15 20
17 16 12
17 18 8
18 0 21
18 1 9
18 2 4
18 3 21
18 4 20
18 5 10
18 6 27
18 7 19
18 8 39
18 9 16
18 10 7
18 11 40
18 12 30
18 13 22
18 14 23
18 15 13
18 16 36
18 17 40
