Iteration Inst nbReq nbRejectReq cost time
0 0 8 0 68571.0 1581306966
0 0 70 4 511380.0 1581312244
0 0 100 3 847872.0 1581319121
0 0 150 0 1038779.0 1581325865
0 0 200 0 1401111.0 1581333646
0 1 8 0 55737.0 1581337714
0 1 70 0 610812.0 1581342103
0 1 100 1 796185.0 1581348661
0 1 150 0 1160901.0 1581355117
0 1 200 0 1375920.0 1581364134
0 2 8 0 80739.0 1581368324
0 2 70 1 698481.0 1581370091
0 2 100 0 763857.0 1581380439
0 2 150 0 975033.0 1581387734
0 2 200 0 1489779.0 1581394810
0 3 8 0 86220.0 1581398950
0 3 70 0 461709.0 1581403484
0 3 100 0 717678.0 1581411421
0 3 150 0 1180557.0 1581418216
0 3 200 0 1634004.0 1581425898
0 4 8 0 77742.0 1581429735
0 4 70 9 589050.0 1581432460
0 4 100 0 834066.0 1581440495
0 4 150 0 1211166.0 1581448541
0 4 200 0 1922967.0 1581458794
1 0 8 0 68571.0 1581582277
1 0 70 5 494469.0 1581587147
1 0 100 2 818451.0 1581591594
1 0 150 0 997118.0 1581601723
1 0 200 0 1419093.0 1581609304
1 1 8 0 68553.0 1581612985
1 1 70 0 570330.0 1581618199
1 1 100 2 794961.0 1581624858
1 1 150 0 1119339.0 1581630905
1 1 200 0 1299609.0 1581639934
1 2 8 0 60507.0 1581643691
1 2 70 0 711963.0 1581647165
1 2 100 0 749763.0 1581655572
1 2 150 0 1137915.0 1581661492
1 2 200 0 1410075.0 1581670945
1 3 8 0 99135.0 1581674592
1 3 70 0 495585.0 1581678774
1 3 100 24 1018836.0 1581683600
1 3 150 0 1086822.0 1581694328
1 3 200 0 1535796.0 1581700665
1 4 8 0 78660.0 1581705591
1 4 70 9 582705.0 1581708232
1 4 100 0 786672.0 1581717120
1 4 150 0 1236933.0 1581725191
1 4 200 0 1355958.0 1581732795
2 0 8 0 48321.0 1581736705
2 0 70 4 463553.0 1581740588
2 0 100 3 1399553.0 1581745698
2 0 150 0 1218600.0 1581753410
2 0 200 0 1316673.0 1581764016
2 1 8 0 44262.0 1581767811
2 1 70 0 576045.0 1581772150
2 1 100 0 919449.0 1581779028
2 1 150 0 1067040.0 1581786412
2 1 200 0 1402182.0 1581792809
2 2 8 0 39222.0 1581798548
2 2 70 0 872712.0 1581801333
2 2 100 0 793026.0 1581808886
2 2 150 0 1018818.0 1581818100
2 2 200 0 1412343.0 1581825290
2 3 8 0 95742.0 1581829234
2 3 70 0 531405.0 1581833896
2 3 100 0 771741.0 1581841747
2 3 150 0 1098549.0 1581847483
2 3 200 0 1438875.0 1581856286
2 4 8 0 89550.0 1581859953
2 4 70 9 467523.0 1581864979
2 4 100 0 803465.0 1581869776
2 4 150 0 1225260.0 1581879662
2 4 200 0 1468584.0 1581885948
3 0 8 0 48321.0 1581894687
3 0 70 4 570402.0 1581898328
3 0 100 2 1017692.0 1581904585
3 0 150 0 1087956.0 1581914482
3 0 200 0 1288512.0 1581921396
3 1 8 0 57744.0 1581925452
3 1 70 0 569952.0 1581930523
3 1 100 1 849681.0 1581937968
3 1 150 0 1190043.0 1581942622
3 1 200 0 1404738.0 1581953089
3 2 8 0 97578.0 1581956860
3 2 70 0 746946.0 1581960677
3 2 100 0 956889.0 1581966011
3 2 150 0 1193454.0 1581973925
3 2 200 0 1460493.0 1581985014
3 3 8 0 94770.0 1583721543
3 3 70 0 515376.0 1583726701
3 3 100 0 707724.0 1583733983
3 3 150 0 1013166.0 1583741203
3 3 200 0 1446722.0 1583748453
3 4 8 0 103365.0 1583752150
3 4 70 9 540603.0 1583756207
3 4 100 0 905481.0 1583762845
3 4 150 0 1246509.0 1583771384
3 4 200 0 3207474.0 1583775801
4 0 8 0 68571.0 1582072415
4 0 70 4 554706.0 1582075992
4 0 100 1 898163.0 1582082691
4 0 150 0 1105551.0 1582091571
4 0 200 0 1384038.0 1582099388
4 1 8 0 50238.0 1582103110
4 1 70 0 588726.0 1582107941
4 1 100 1 949464.0 1582114524
4 1 150 0 990918.0 1582122554
4 1 200 0 1370538.0 1582129507
4 2 8 0 61614.0 1582133887
4 2 70 0 697608.0 1582136895
4 2 100 0 867150.0 1582145962
4 2 150 0 1066059.0 1582153384
4 2 200 0 1446408.0 1582160511
4 3 8 0 86220.0 1582164459
4 3 70 0 443727.0 1582169475
4 3 100 24 1018836.0 1582173274
4 3 150 0 1052163.0 1582184375
4 3 200 0 1455147.0 1582191313
4 4 8 0 78165.0 1582195278
4 4 70 9 645696.0 1582199897
4 4 100 0 768114.0 1582204686
4 4 150 0 1268325.0 1582212951
4 4 200 0 1409832.0 1582223406
5 0 8 0 52740.0 1582227151
5 0 70 4 546471.0 1582229814
5 0 100 2 905625.0 1582237005
5 0 150 0 1016765.0 1582246048
5 0 200 0 1321704.0 1582252870
5 1 8 0 57780.0 1582257619
5 1 70 0 608733.0 1582262535
5 1 100 1 881532.0 1582269426
5 1 150 0 1120446.0 1582276724
5 1 200 0 1397313.0 1582284315
5 2 8 0 40167.0 1582288093
5 2 70 0 593640.0 1582293071
5 2 100 0 812556.0 1582299191
5 2 150 0 1054143.0 1582307590
5 2 200 0 1498977.0 1582314177
5 3 8 0 103743.0 1582318619
5 3 70 0 488241.0 1582323830
5 3 100 24 1018836.0 1582327493
5 3 150 0 1114902.0 1582337885
5 3 200 0 1417698.0 1582345485
5 4 8 0 81405.0 1582349573
5 4 70 9 543240.0 1582353739
5 4 100 0 855918.0 1582361384
5 4 150 0 1121858.0 1582369320
5 4 200 0 1463553.0 1582376575
6 0 8 0 48321.0 1582380226
6 0 70 5 461088.0 1582383810
6 0 100 2 913203.0 1582390177
6 0 150 0 1115953.0 1582399449
6 0 200 0 1337400.0 1582406960
6 1 8 0 58401.0 1583485246
6 1 70 0 591912.0 1583489777
6 1 100 1 863892.0 1583497457
6 1 150 0 1182996.0 1583503995
6 1 200 0 1397466.0 1583512787
6 2 8 0 38223.0 1583516464
6 2 70 1 695745.0 1583521267
6 2 100 0 919242.0 1583525612
6 2 150 0 1019565.0 1583536096
6 2 200 0 1501622.0 1583543222
6 3 8 0 98523.0 1583547016
6 3 70 0 530874.0 1583551770
6 3 100 0 752733.0 1583558679
6 3 150 0 1046340.0 1583566602
6 3 200 0 1511820.0 1583573098
6 4 8 0 102897.0 1583577924
6 4 70 10 511929.0 1583583043
6 4 100 0 820170.0 1583589124
6 4 150 0 1118330.0 1583596764
6 4 200 0 1560807.0 1583604626
7 0 8 0 48879.0 1582596643
7 0 70 4 522468.0 1582599066
7 0 100 2 834363.0 1582607321
7 0 150 0 962586.0 1582615943
7 0 200 0 1463769.0 1582623645
7 1 8 0 64710.0 1582627342
7 1 70 0 585864.0 1582630449
7 1 100 2 866430.0 1582638034
7 1 150 0 1129095.0 1582646992
7 1 200 0 1428480.0 1582654200
7 2 8 0 80739.0 1582657902
7 2 70 1 652212.0 1582659625
7 2 100 0 789714.0 1582669855
7 2 150 0 1098414.0 1582676932
7 2 200 0 1455750.0 1582684782
7 3 8 0 102285.0 1582688429
7 3 70 0 499833.0 1582693354
7 3 100 0 702864.0 1582700061
7 3 150 0 1170881.0 1582706493
7 3 200 0 1460052.0 1582715523
7 4 8 0 88101.0 1582719146
7 4 70 9 615375.0 1582721621
7 4 100 0 873693.0 1582731734
7 4 150 0 1221309.0 1582737225
7 4 200 0 1422423.0 1582746000
8 0 8 0 68652.0 1582750155
8 0 70 4 510759.0 1582754792
8 0 100 2 841500.0 1582762267
8 0 150 0 1054439.0 1582768870
8 0 200 0 1249713.0 1582777002
8 1 8 0 50922.0 1582780685
8 1 70 0 575712.0 1582784677
8 1 100 1 948348.0 1582791715
8 1 150 0 1215558.0 1582799802
8 1 200 0 1408545.0 1582806020
8 2 8 0 60507.0 1582812814
8 2 70 0 722358.0 1582817896
8 2 100 0 773865.0 1582825127
8 2 150 0 1141632.0 1582832354
8 2 200 0 1348443.0 1582839373
8 3 8 0 99135.0 1582843283
8 3 70 0 498726.0 1582846183
8 3 100 0 741897.0 1582855475
8 3 150 0 1031688.0 1582862434
8 3 200 0 1633878.0 1582870188
8 4 8 0 103365.0 1582873850
8 4 70 9 648954.0 1582876647
8 4 100 0 758196.0 1582885640
8 4 150 0 1141497.0 1582893119
8 4 200 0 1289304.0 1582901446
9 0 8 0 48708.0 1582905142
9 0 70 4 517194.0 1582908947
9 0 100 2 844119.0 1582916946
9 0 150 0 1111491.0 1582922679
9 0 200 0 1405539.0 1582931772
9 1 8 0 48159.0 1582935853
9 1 70 0 566496.0 1582938048
9 1 100 1 901278.0 1582947596
9 1 150 0 1137312.0 1582955477
9 1 200 0 1396593.0 1582962297
9 2 8 0 80739.0 1582966360
9 2 70 0 785115.0 1582970908
9 2 100 0 803178.0 1582978296
9 2 150 0 1058085.0 1582984739
9 2 200 0 1486845.0 1582991789
9 3 8 0 94770.0 1583001010
9 3 70 0 495621.0 1583004645
9 3 100 24 1018836.0 1583009848
9 3 150 0 1043820.0 1583020345
9 3 200 0 1426301.0 1583027807
9 4 8 0 103365.0 1583031667
9 4 70 9 602379.0 1583033866
9 4 100 0 860562.0 1583043037
9 4 150 0 1139606.0 1583051303
9 4 200 0 1443006.0 1583058656
