Starting time = 51657-12-10 23:10:32, total reqs = 4, total truck = 4
2 1568000045 281.0 0 2
4 1568000045 250.0 0 2
5 1568000045 335.0 0 3
6 1568000045 272.0 0 2
7 1568000045 296.0 0 3
8 1568000045 335.0 0 3
9 1568000045 250.0 0 2
10 1568000045 222.0 0 2
11 1568000045 296.0 0 3
12 1568000045 250.0 0 2
14 1568000045 241.0 0 2
17 1568000045 296.0 0 3
18 1568000045 192.0 0 1
29 1568000045 297.0 0 3
30 1568000045 230.0 0 2
36 1568000045 215.0 0 2
50 1568000045 192.0 0 1
71 1568000045 183.0 0 1
1002 1568000048 183.0 0 1
route[1] = 1  -> 2
route[2] = 3  -> 4
route[3] = 5  -> 9  -> 23  -> 24  -> 21  -> 22  -> 17  -> 19  -> 20  -> 18  -> 10  -> 6
route[4] = 7  -> 8

end time = 51657-12-10 23:57:16, total runtime = 2.806, #RejectedReqs = 0, nb Trucks = 1, cost = 183.0
