0.01 0.15 3 1 -3  50746.0  2876.119
0.01 0.15 3 1 -5  49310.0  3171.297
0.01 0.15 3 1 -10  51235.0  3252.088
0.01 0.15 3 0 -3  50704.0  3279.027
0.01 0.15 3 0 -5  49646.0  3156.206
0.01 0.15 3 0 -10  48547.0  3430.048
0.01 0.15 3 -1 -3  50440.0  3363.017
0.01 0.15 3 -1 -5  48338.0  3262.494
0.01 0.15 3 -1 -10  49956.0  3225.193
0.01 0.15 5 1 -3  49654.0  2966.795
0.01 0.15 5 1 -5  50748.0  3384.72
0.01 0.15 5 1 -10  49376.0  3181.619
0.01 0.15 5 0 -3  49711.0  3392.098
0.01 0.15 5 0 -5  49480.0  3117.967
0.01 0.15 5 0 -10  48904.0  3169.473
0.01 0.15 5 -1 -3  49292.0  3283.148
0.01 0.15 5 -1 -5  51433.0  3284.359
0.01 0.15 5 -1 -10  49398.0  3063.897
0.01 0.15 10 1 -3  50335.0  3157.51
0.01 0.15 10 1 -5  51069.0  3120.279
0.01 0.15 10 1 -10  49639.0  3006.686
0.01 0.15 10 0 -3  48835.0  3194.015
0.01 0.15 10 0 -5  50491.0  3141.006
0.01 0.15 10 0 -10  50864.0  3145.303
0.01 0.15 10 -1 -3  48825.0  3149.241
0.01 0.15 10 -1 -5  50719.0  3116.891
0.01 0.15 10 -1 -10  48292.0  3075.673
0.01 0.2 3 1 -3  49272.0  3264.114
0.01 0.2 3 1 -5  49485.0  2853.425
0.01 0.2 3 1 -10  47064.0  3126.812
0.01 0.2 3 0 -3  50026.0  3249.713
0.01 0.2 3 0 -5  49354.0  3130.875
0.01 0.2 3 0 -10  48541.0  3215.161
0.01 0.2 3 -1 -3  49402.0  3285.768
0.01 0.2 3 -1 -5  47938.0  3088.221
0.01 0.2 3 -1 -10  50188.0  3252.761
0.01 0.2 5 1 -3  48704.0  2719.461
0.01 0.2 5 1 -5  50033.0  2935.132
0.01 0.2 5 1 -10  49402.0  3060.835
0.01 0.2 5 0 -3  51417.0  2703.924
0.01 0.2 5 0 -5  50046.0  3161.844
0.01 0.2 5 0 -10  49324.0  3256.108
0.01 0.2 5 -1 -3  48574.0  2745.464
0.01 0.2 5 -1 -5  49777.0  2630.448
0.01 0.2 5 -1 -10  49475.0  3208.933
0.01 0.2 10 1 -3  49252.0  3200.17
0.01 0.2 10 1 -5  48768.0  3180.397
0.01 0.2 10 1 -10  47896.0  3074.313
0.01 0.2 10 0 -3  48506.0  3207.972
0.01 0.2 10 0 -5  48418.0  2744.444
0.01 0.2 10 0 -10  49245.0  2896.899
0.01 0.2 10 -1 -3  52240.0  3153.035
0.01 0.2 10 -1 -5  50928.0  2800.208
0.01 0.2 10 -1 -10  47741.0  3091.689
0.05 0.15 3 1 -3  50861.0  3120.361
0.05 0.15 3 1 -5  50659.0  3164.46
0.05 0.15 3 1 -10  50737.0  3304.285
0.05 0.15 3 0 -3  48913.0  3333.779
0.05 0.15 3 0 -5  49896.0  3008.723
0.05 0.15 3 0 -10  50485.0  3148.842
0.05 0.15 3 -1 -3  48433.0  3122.127
0.05 0.15 3 -1 -5  49215.0  3871.532
0.05 0.15 3 -1 -10  49375.0  3308.622
0.05 0.15 5 1 -3  49514.0  3236.817
0.05 0.15 5 1 -5  49663.0  3340.377
0.05 0.15 5 1 -10  49620.0  3193.084
0.05 0.15 5 0 -3  49422.0  3167.779
0.05 0.15 5 0 -5  49725.0  3165.131
0.05 0.15 5 0 -10  50837.0  3281.738
0.05 0.15 5 -1 -3  51247.0  3352.824
0.05 0.15 5 -1 -5  50204.0  3197.303
0.05 0.15 5 -1 -10  50045.0  3321.445
0.05 0.15 10 1 -3  48533.0  3199.949
0.05 0.15 10 1 -5  51553.0  3106.089
0.05 0.15 10 1 -10  49920.0  3152.006
0.05 0.15 10 0 -3  50514.0  3016.673
0.05 0.15 10 0 -5  49812.0  3252.2
0.05 0.15 10 0 -10  50824.0  3248.605
0.05 0.15 10 -1 -3  50920.0  3399.462
0.05 0.15 10 -1 -5  49360.0  3112.838
0.05 0.15 10 -1 -10  50293.0  3133.988
0.05 0.2 3 1 -3  50716.0  3199.886
0.05 0.2 3 1 -5  49995.0  3143.082
0.05 0.2 3 1 -10  50516.0  3381.454
0.05 0.2 3 0 -3  50125.0  3064.629
0.05 0.2 3 0 -5  50440.0  2986.895
0.05 0.2 3 0 -10  49403.0  3339.697
0.05 0.2 3 -1 -3  48948.0  3239.572
0.05 0.2 3 -1 -5  51775.0  3207.668
0.05 0.2 3 -1 -10  49965.0  3399.015
0.05 0.2 5 1 -3  49927.0  3080.098
0.05 0.2 5 1 -5  51573.0  3242.34
0.05 0.2 5 1 -10  49375.0  3187.984
0.05 0.2 5 0 -3  49361.0  2707.818
0.05 0.2 5 0 -5  49109.0  3161.293
0.05 0.2 5 0 -10  48685.0  2908.848
0.05 0.2 5 -1 -3  50269.0  3195.604
0.05 0.2 5 -1 -5  51479.0  3242.471
0.05 0.2 5 -1 -10  48772.0  3209.838
0.05 0.2 10 1 -3  48287.0  3205.501
0.05 0.2 10 1 -5  48246.0  3365.675
0.05 0.2 10 1 -10  50493.0  3249.163
0.05 0.2 10 0 -3  51563.0  3259.919
0.05 0.2 10 0 -5  48288.0  2743.866
0.05 0.2 10 0 -10  49556.0  2970.342
0.05 0.2 10 -1 -3  46965.0  2982.462
0.05 0.2 10 -1 -5  49641.0  2700.589
0.05 0.2 10 -1 -10  50167.0  2842.74
