#nb trucks
2
#intermediate truck points
4 5 6 7 8 10 12 13 14 15 16 17 18 19 20 21 
#truck (depot,  terminus)
0 1
2 3
#nb trailers
2
#intermediate trailer points
8 10 12 13 14 15 16 17 18 19 20 21 
#trailer (depot,  terminus)
4 5
6 7
#nb containers
2
#intermediate Container points
12 13 14 15 16 17 18 19 20 21 
#Container (depot,  terminus)
8 9
10 11
#nb returned container depots
1
#return-depot container
12 
#export empty
2
13 0
14 0
#import empty
1
15
#export laden
1
16 17 0
#import laden
2
18 19 0
20 21 0
#nb Logical points
22
#time window
0 0 10000 0
1 0 10000 0
2 0 10000 0
3 0 10000 0
4 0 10000 2
5 0 10000 2
6 0 10000 2
7 0 10000 2
8 0 10000 3
9 0 10000 3
10 0 10000 3
11 0 10000 3
12 0 10000 3
13 37 213 3
14 29 197 3
15 52 222 3
16 27 189 3
17 50 204 3
18 29 218 3
19 50 204 3
20 18 193 3
21 22 208 3
#distances
462
0 1 12
0 2 6
0 3 14
0 4 11
0 5 23
0 6 10
0 7 20
0 8 12
0 9 13
0 10 15
0 11 13
0 12 17
0 13 15
0 14 19
0 15 17
0 16 9
0 17 7
0 18 20
0 19 8
0 20 8
0 21 21
1 0 12
1 2 13
1 3 17
1 4 7
1 5 23
1 6 18
1 7 22
1 8 18
1 9 14
1 10 23
1 11 5
1 12 23
1 13 18
1 14 15
1 15 23
1 16 6
1 17 7
1 18 5
1 19 22
1 20 20
1 21 22
2 0 6
2 1 13
2 3 22
2 4 12
2 5 7
2 6 7
2 7 16
2 8 15
2 9 11
2 10 24
2 11 14
2 12 18
2 13 15
2 14 16
2 15 9
2 16 23
2 17 21
2 18 9
2 19 8
2 20 12
2 21 18
3 0 14
3 1 17
3 2 22
3 4 20
3 5 21
3 6 18
3 7 19
3 8 20
3 9 16
3 10 5
3 11 13
3 12 23
3 13 24
3 14 16
3 15 24
3 16 6
3 17 12
3 18 17
3 19 10
3 20 7
3 21 22
4 0 11
4 1 7
4 2 12
4 3 20
4 5 6
4 6 17
4 7 21
4 8 7
4 9 24
4 10 12
4 11 5
4 12 23
4 13 19
4 14 10
4 15 15
4 16 10
4 17 11
4 18 18
4 19 17
4 20 20
4 21 22
5 0 23
5 1 23
5 2 7
5 3 21
5 4 6
5 6 7
5 7 10
5 8 7
5 9 16
5 10 23
5 11 11
5 12 12
5 13 12
5 14 17
5 15 20
5 16 16
5 17 21
5 18 5
5 19 13
5 20 14
5 21 22
6 0 10
6 1 18
6 2 7
6 3 18
6 4 17
6 5 7
6 7 13
6 8 12
6 9 5
6 10 11
6 11 13
6 12 10
6 13 9
6 14 14
6 15 23
6 16 15
6 17 6
6 18 22
6 19 22
6 20 12
6 21 5
7 0 20
7 1 22
7 2 16
7 3 19
7 4 21
7 5 10
7 6 13
7 8 5
7 9 14
7 10 24
7 11 23
7 12 18
7 13 22
7 14 21
7 15 19
7 16 18
7 17 20
7 18 13
7 19 13
7 20 9
7 21 8
8 0 12
8 1 18
8 2 15
8 3 20
8 4 7
8 5 7
8 6 12
8 7 5
8 9 19
8 10 11
8 11 10
8 12 12
8 13 9
8 14 23
8 15 8
8 16 10
8 17 23
8 18 11
8 19 13
8 20 13
8 21 14
9 0 13
9 1 14
9 2 11
9 3 16
9 4 24
9 5 16
9 6 5
9 7 14
9 8 19
9 10 12
9 11 16
9 12 11
9 13 11
9 14 18
9 15 9
9 16 14
9 17 12
9 18 18
9 19 24
9 20 13
9 21 8
10 0 15
10 1 23
10 2 24
10 3 5
10 4 12
10 5 23
10 6 11
10 7 24
10 8 11
10 9 12
10 11 5
10 12 14
10 13 22
10 14 10
10 15 21
10 16 9
10 17 11
10 18 10
10 19 11
10 20 17
10 21 12
11 0 13
11 1 5
11 2 14
11 3 13
11 4 5
11 5 11
11 6 13
11 7 23
11 8 10
11 9 16
11 10 5
11 12 21
11 13 5
11 14 10
11 15 8
11 16 13
11 17 14
11 18 13
11 19 23
11 20 19
11 21 21
12 0 17
12 1 23
12 2 18
12 3 23
12 4 23
12 5 12
12 6 10
12 7 18
12 8 12
12 9 11
12 10 14
12 11 21
12 13 17
12 14 24
12 15 23
12 16 21
12 17 18
12 18 10
12 19 8
12 20 7
12 21 13
13 0 15
13 1 18
13 2 15
13 3 24
13 4 19
13 5 12
13 6 9
13 7 22
13 8 9
13 9 11
13 10 22
13 11 5
13 12 17
13 14 20
13 15 9
13 16 17
13 17 10
13 18 18
13 19 19
13 20 7
13 21 8
14 0 19
14 1 15
14 2 16
14 3 16
14 4 10
14 5 17
14 6 14
14 7 21
14 8 23
14 9 18
14 10 10
14 11 10
14 12 24
14 13 20
14 15 6
14 16 7
14 17 12
14 18 10
14 19 17
14 20 21
14 21 10
15 0 17
15 1 23
15 2 9
15 3 24
15 4 15
15 5 20
15 6 23
15 7 19
15 8 8
15 9 9
15 10 21
15 11 8
15 12 23
15 13 9
15 14 6
15 16 12
15 17 21
15 18 24
15 19 18
15 20 10
15 21 7
16 0 9
16 1 6
16 2 23
16 3 6
16 4 10
16 5 16
16 6 15
16 7 18
16 8 10
16 9 14
16 10 9
16 11 13
16 12 21
16 13 17
16 14 7
16 15 12
16 17 23
16 18 13
16 19 20
16 20 20
16 21 11
17 0 7
17 1 7
17 2 21
17 3 12
17 4 11
17 5 21
17 6 6
17 7 20
17 8 23
17 9 12
17 10 11
17 11 14
17 12 18
17 13 10
17 14 12
17 15 21
17 16 23
17 18 16
17 19 5
17 20 22
17 21 23
18 0 20
18 1 5
18 2 9
18 3 17
18 4 18
18 5 5
18 6 22
18 7 13
18 8 11
18 9 18
18 10 10
18 11 13
18 12 10
18 13 18
18 14 10
18 15 24
18 16 13
18 17 16
18 19 24
18 20 21
18 21 13
19 0 8
19 1 22
19 2 8
19 3 10
19 4 17
19 5 13
19 6 22
19 7 13
19 8 13
19 9 24
19 10 11
19 11 23
19 12 8
19 13 19
19 14 17
19 15 18
19 16 20
19 17 5
19 18 24
19 20 15
19 21 16
20 0 8
20 1 20
20 2 12
20 3 7
20 4 20
20 5 14
20 6 12
20 7 9
20 8 13
20 9 13
20 10 17
20 11 19
20 12 7
20 13 7
20 14 21
20 15 10
20 16 20
20 17 22
20 18 21
20 19 15
20 21 7
21 0 21
21 1 22
21 2 18
21 3 22
21 4 22
21 5 22
21 6 5
21 7 8
21 8 14
21 9 8
21 10 12
21 11 21
21 12 13
21 13 8
21 14 10
21 15 7
21 16 11
21 17 23
21 18 13
21 19 16
21 20 7
