#nb trucks
2
#intermediate truck points
6 17 8 13 18 15 4 12 3 11 0 16 1 7 19 5 
#truck (depot,  terminus)
2 9
10 14
#nb trailers
2
#intermediate trailer points
18 15 4 12 3 11 0 16 1 7 19 5 
#trailer (depot,  terminus)
6 8
17 13
#nb containers(for export empty request): the emptyContainer must be pickup at each one
1
#intermediate Container points
15 4 12 3 11 0 16 1 7 19 5 
#Container (depot)
18
#nb returned container depots (for import empty request): the emptyContainer must be delivery at each one
1
#return-depot container
15 
#export empty: [warehouse isBreakRomooc]
1
4 0
#import empty: [warehouse]
1
11
#export laden: [warehouse port isBreakRomooc]
2
12 1 0
3 7 0
#import laden: [port warehouse isBreakRomooc]
2
19 0 0
5 16 0
#nb Logical points
20
#time window: [pointId earliestArrivalTime latestArrivalTime servingTime]
0 243 425 2
1 0 145 2
2 0 1000000 0
3 -5 1000000 2
4 -35 147 2
5 373 553 2
6 0 1000000 0
7 0 179 2
8 0 1000000 0
9 0 1000000 0
10 0 1000000 0
11 63 1000000 2
12 -48 1000000 2
13 0 1000000 0
14 0 1000000 0
15 0 266 2
16 409 591 2
17 0 1000000 0
18 -48 132 2
19 210 390 2
#travel distance(time) matrix:[from to travelTime]
380
0 1 10
0 2 28
0 3 34
0 4 11
0 5 16
0 6 13
0 7 32
0 8 2
0 9 35
0 10 14
0 11 11
0 12 5
0 13 20
0 14 8
0 15 33
0 16 34
0 17 18
0 18 23
0 19 16
1 0 27
1 2 8
1 3 31
1 4 20
1 5 12
1 6 8
1 7 23
1 8 5
1 9 15
1 10 12
1 11 29
1 12 40
1 13 15
1 14 4
1 15 41
1 16 7
1 17 41
1 18 33
1 19 22
2 0 32
2 1 38
2 3 37
2 4 27
2 5 39
2 6 5
2 7 5
2 8 7
2 9 41
2 10 29
2 11 5
2 12 3
2 13 14
2 14 8
2 15 6
2 16 41
2 17 25
2 18 20
2 19 6
3 0 34
3 1 16
3 2 35
3 4 4
3 5 14
3 6 19
3 7 2
3 8 30
3 9 28
3 10 27
3 11 22
3 12 9
3 13 26
3 14 8
3 15 10
3 16 28
3 17 14
3 18 22
3 19 13
4 0 2
4 1 34
4 2 29
4 3 9
4 5 10
4 6 6
4 7 28
4 8 38
4 9 28
4 10 8
4 11 26
4 12 21
4 13 19
4 14 6
4 15 8
4 16 25
4 17 33
4 18 12
4 19 30
5 0 7
5 1 11
5 2 17
5 3 9
5 4 22
5 6 35
5 7 36
5 8 37
5 9 17
5 10 4
5 11 4
5 12 37
5 13 10
5 14 13
5 15 29
5 16 36
5 17 17
5 18 5
5 19 6
6 0 15
6 1 34
6 2 23
6 3 38
6 4 33
6 5 36
6 7 10
6 8 7
6 9 10
6 10 29
6 11 8
6 12 4
6 13 5
6 14 35
6 15 17
6 16 36
6 17 5
6 18 37
6 19 3
7 0 8
7 1 27
7 2 40
7 3 16
7 4 41
7 5 22
7 6 22
7 8 13
7 9 10
7 10 8
7 11 25
7 12 2
7 13 5
7 14 9
7 15 30
7 16 34
7 17 9
7 18 19
7 19 12
8 0 41
8 1 33
8 2 33
8 3 27
8 4 21
8 5 40
8 6 28
8 7 41
8 9 26
8 10 41
8 11 19
8 12 31
8 13 30
8 14 3
8 15 6
8 16 27
8 17 6
8 18 8
8 19 7
9 0 15
9 1 35
9 2 39
9 3 6
9 4 30
9 5 29
9 6 8
9 7 8
9 8 39
9 10 18
9 11 21
9 12 27
9 13 34
9 14 10
9 15 24
9 16 9
9 17 15
9 18 2
9 19 6
10 0 6
10 1 30
10 2 12
10 3 11
10 4 31
10 5 16
10 6 15
10 7 40
10 8 25
10 9 5
10 11 8
10 12 7
10 13 11
10 14 7
10 15 21
10 16 31
10 17 26
10 18 12
10 19 34
11 0 10
11 1 31
11 2 17
11 3 26
11 4 20
11 5 38
11 6 17
11 7 3
11 8 31
11 9 6
11 10 21
11 12 14
11 13 25
11 14 24
11 15 21
11 16 33
11 17 7
11 18 38
11 19 29
12 0 19
12 1 11
12 2 25
12 3 11
12 4 12
12 5 24
12 6 14
12 7 20
12 8 14
12 9 6
12 10 23
12 11 6
12 13 36
12 14 9
12 15 10
12 16 24
12 17 38
12 18 28
12 19 16
13 0 6
13 1 14
13 2 27
13 3 12
13 4 9
13 5 18
13 6 30
13 7 37
13 8 11
13 9 14
13 10 41
13 11 18
13 12 8
13 14 21
13 15 16
13 16 25
13 17 8
13 18 28
13 19 24
14 0 29
14 1 16
14 2 3
14 3 33
14 4 34
14 5 9
14 6 25
14 7 23
14 8 29
14 9 16
14 10 11
14 11 8
14 12 28
14 13 28
14 15 24
14 16 8
14 17 31
14 18 15
14 19 4
15 0 32
15 1 18
15 2 35
15 3 23
15 4 5
15 5 9
15 6 22
15 7 18
15 8 20
15 9 7
15 10 32
15 11 13
15 12 27
15 13 10
15 14 9
15 16 31
15 17 3
15 18 14
15 19 32
16 0 27
16 1 25
16 2 20
16 3 14
16 4 4
16 5 20
16 6 7
16 7 32
16 8 5
16 9 41
16 10 36
16 11 35
16 12 31
16 13 11
16 14 35
16 15 26
16 17 40
16 18 6
16 19 30
17 0 3
17 1 36
17 2 10
17 3 13
17 4 33
17 5 19
17 6 4
17 7 35
17 8 18
17 9 31
17 10 8
17 11 32
17 12 23
17 13 16
17 14 27
17 15 36
17 16 12
17 18 13
17 19 29
18 0 29
18 1 30
18 2 25
18 3 20
18 4 13
18 5 33
18 6 32
18 7 27
18 8 12
18 9 12
18 10 13
18 11 41
18 12 37
18 13 36
18 14 26
18 15 22
18 16 15
18 17 4
18 19 34
19 0 33
19 1 34
19 2 22
19 3 30
19 4 28
19 5 36
19 6 36
19 7 10
19 8 17
19 9 24
19 10 23
19 11 19
19 12 30
19 13 41
19 14 9
19 15 24
19 16 35
19 17 40
19 18 14
