#nb trucks
2
#intermediate truck points
5 27 6 2 15 23 24 22 0 11 3 21 25 14 26 12 8 4 16 9 20 1 18 7 
#truck (depot,  terminus)
19 17
10 13
#nb trailers
2
#intermediate trailer points
15 23 24 22 0 11 3 21 25 14 26 12 8 4 16 9 20 1 18 7 
#trailer (depot,  terminus)
5 6
27 2
#nb containers(for export empty request): the emptyContainer must be pickup at each one
2
#intermediate Container points
24 22 0 11 3 21 25 14 26 12 8 4 16 9 20 1 18 7 
#Container (depot)
15
23
#nb returned container depots (for import empty request): the emptyContainer must be delivery at each one
2
#return-depot container
24 22 
#export empty: [warehouse isBreakRomooc]
2
0 0
11 0
#import empty: [warehouse]
2
14
26
#export laden: [warehouse port isBreakRomooc]
3
3 16 0
21 9 0
25 20 0
#import laden: [port warehouse isBreakRomooc]
3
1 12 0
18 8 0
7 4 0
#nb Logical points
28
#time window: [pointId earliestArrivalTime latestArrivalTime servingTime]
0 -34 148 2
1 231 411 2
2 0 1000000 0
3 -3 1000000 2
4 595 777 2
5 0 1000000 0
6 0 1000000 0
7 564 744 2
8 457 639 2
9 0 171 2
10 0 1000000 0
11 -7 175 2
12 263 445 2
13 0 1000000 0
14 303 1000000 2
15 -46 134 2
16 0 219 2
17 0 1000000 0
18 433 613 2
19 0 1000000 0
20 0 354 2
21 -41 1000000 2
22 0 289 2
23 -9 171 2
24 0 514 2
25 136 1000000 2
26 104 1000000 2
27 0 1000000 0
#travel distance(time) matrix:[from to travelTime]
756
0 1 40
0 2 6
0 3 37
0 4 37
0 5 41
0 6 2
0 7 34
0 8 38
0 9 30
0 10 20
0 11 29
0 12 11
0 13 3
0 14 30
0 15 33
0 16 23
0 17 9
0 18 34
0 19 9
0 20 19
0 21 9
0 22 23
0 23 23
0 24 19
0 25 11
0 26 34
0 27 9
1 0 37
1 2 36
1 3 35
1 4 38
1 5 39
1 6 30
1 7 2
1 8 7
1 9 21
1 10 9
1 11 31
1 12 32
1 13 4
1 14 15
1 15 12
1 16 21
1 17 38
1 18 30
1 19 31
1 20 18
1 21 18
1 22 14
1 23 15
1 24 10
1 25 7
1 26 10
1 27 2
2 0 33
2 1 5
2 3 19
2 4 8
2 5 21
2 6 32
2 7 24
2 8 8
2 9 39
2 10 17
2 11 10
2 12 30
2 13 32
2 14 27
2 15 20
2 16 37
2 17 6
2 18 31
2 19 16
2 20 14
2 21 30
2 22 37
2 23 4
2 24 21
2 25 11
2 26 32
2 27 19
3 0 29
3 1 36
3 2 36
3 4 39
3 5 32
3 6 28
3 7 6
3 8 20
3 9 12
3 10 3
3 11 24
3 12 33
3 13 13
3 14 2
3 15 23
3 16 40
3 17 11
3 18 20
3 19 35
3 20 5
3 21 24
3 22 7
3 23 19
3 24 19
3 25 8
3 26 26
3 27 19
4 0 17
4 1 13
4 2 41
4 3 11
4 5 11
4 6 30
4 7 19
4 8 29
4 9 13
4 10 28
4 11 37
4 12 34
4 13 2
4 14 25
4 15 7
4 16 9
4 17 3
4 18 29
4 19 28
4 20 21
4 21 4
4 22 38
4 23 39
4 24 18
4 25 24
4 26 27
4 27 8
5 0 12
5 1 4
5 2 37
5 3 30
5 4 4
5 6 17
5 7 11
5 8 15
5 9 8
5 10 19
5 11 24
5 12 35
5 13 38
5 14 15
5 15 11
5 16 23
5 17 37
5 18 41
5 19 19
5 20 21
5 21 8
5 22 27
5 23 21
5 24 32
5 25 31
5 26 33
5 27 20
6 0 29
6 1 27
6 2 9
6 3 27
6 4 37
6 5 22
6 7 17
6 8 25
6 9 15
6 10 37
6 11 41
6 12 18
6 13 2
6 14 36
6 15 7
6 16 6
6 17 16
6 18 20
6 19 41
6 20 17
6 21 30
6 22 19
6 23 4
6 24 22
6 25 41
6 26 8
6 27 27
7 0 9
7 1 10
7 2 9
7 3 28
7 4 31
7 5 26
7 6 35
7 8 13
7 9 28
7 10 17
7 11 5
7 12 28
7 13 17
7 14 31
7 15 34
7 16 36
7 17 39
7 18 21
7 19 33
7 20 2
7 21 13
7 22 38
7 23 2
7 24 7
7 25 33
7 26 24
7 27 8
8 0 33
8 1 23
8 2 31
8 3 21
8 4 17
8 5 36
8 6 16
8 7 6
8 9 33
8 10 37
8 11 2
8 12 37
8 13 23
8 14 33
8 15 16
8 16 29
8 17 2
8 18 15
8 19 3
8 20 5
8 21 38
8 22 5
8 23 37
8 24 12
8 25 34
8 26 15
8 27 9
9 0 5
9 1 6
9 2 24
9 3 22
9 4 15
9 5 9
9 6 40
9 7 2
9 8 20
9 10 17
9 11 35
9 12 3
9 13 4
9 14 20
9 15 41
9 16 9
9 17 5
9 18 11
9 19 15
9 20 39
9 21 9
9 22 7
9 23 33
9 24 24
9 25 37
9 26 11
9 27 26
10 0 14
10 1 41
10 2 41
10 3 2
10 4 5
10 5 8
10 6 41
10 7 18
10 8 31
10 9 30
10 11 19
10 12 39
10 13 8
10 14 41
10 15 37
10 16 17
10 17 2
10 18 21
10 19 33
10 20 39
10 21 11
10 22 40
10 23 6
10 24 17
10 25 18
10 26 7
10 27 7
11 0 2
11 1 40
11 2 19
11 3 8
11 4 24
11 5 11
11 6 28
11 7 28
11 8 8
11 9 14
11 10 16
11 12 20
11 13 27
11 14 20
11 15 7
11 16 2
11 17 31
11 18 28
11 19 38
11 20 27
11 21 19
11 22 6
11 23 7
11 24 35
11 25 12
11 26 36
11 27 25
12 0 19
12 1 5
12 2 4
12 3 9
12 4 13
12 5 38
12 6 33
12 7 37
12 8 8
12 9 35
12 10 9
12 11 41
12 13 15
12 14 23
12 15 17
12 16 8
12 17 19
12 18 22
12 19 4
12 20 8
12 21 25
12 22 12
12 23 35
12 24 18
12 25 23
12 26 37
12 27 6
13 0 4
13 1 7
13 2 10
13 3 8
13 4 13
13 5 30
13 6 12
13 7 41
13 8 5
13 9 22
13 10 41
13 11 22
13 12 22
13 14 39
13 15 16
13 16 3
13 17 11
13 18 5
13 19 18
13 20 24
13 21 28
13 22 3
13 23 15
13 24 33
13 25 11
13 26 29
13 27 2
14 0 31
14 1 6
14 2 35
14 3 11
14 4 36
14 5 41
14 6 17
14 7 31
14 8 20
14 9 39
14 10 11
14 11 13
14 12 6
14 13 29
14 15 38
14 16 39
14 17 18
14 18 27
14 19 18
14 20 27
14 21 5
14 22 8
14 23 36
14 24 29
14 25 16
14 26 9
14 27 39
15 0 12
15 1 15
15 2 21
15 3 26
15 4 30
15 5 37
15 6 16
15 7 29
15 8 8
15 9 12
15 10 34
15 11 37
15 12 29
15 13 2
15 14 27
15 16 31
15 17 34
15 18 39
15 19 30
15 20 25
15 21 20
15 22 3
15 23 7
15 24 36
15 25 7
15 26 20
15 27 26
16 0 30
16 1 13
16 2 13
16 3 26
16 4 19
16 5 7
16 6 35
16 7 26
16 8 20
16 9 34
16 10 9
16 11 27
16 12 32
16 13 25
16 14 19
16 15 19
16 17 22
16 18 2
16 19 7
16 20 30
16 21 29
16 22 32
16 23 15
16 24 28
16 25 11
16 26 21
16 27 3
17 0 39
17 1 9
17 2 34
17 3 36
17 4 7
17 5 31
17 6 28
17 7 20
17 8 35
17 9 28
17 10 4
17 11 16
17 12 6
17 13 22
17 14 20
17 15 7
17 16 20
17 18 8
17 19 17
17 20 36
17 21 16
17 22 18
17 23 41
17 24 15
17 25 12
17 26 33
17 27 26
18 0 19
18 1 35
18 2 7
18 3 29
18 4 8
18 5 6
18 6 37
18 7 13
18 8 24
18 9 25
18 10 5
18 11 16
18 12 31
18 13 9
18 14 29
18 15 17
18 16 11
18 17 13
18 19 21
18 20 7
18 21 11
18 22 38
18 23 18
18 24 29
18 25 28
18 26 29
18 27 11
19 0 39
19 1 23
19 2 39
19 3 40
19 4 38
19 5 30
19 6 39
19 7 10
19 8 40
19 9 13
19 10 40
19 11 21
19 12 23
19 13 37
19 14 29
19 15 11
19 16 4
19 17 11
19 18 24
19 20 2
19 21 24
19 22 24
19 23 3
19 24 21
19 25 7
19 26 18
19 27 14
20 0 25
20 1 9
20 2 7
20 3 13
20 4 29
20 5 6
20 6 33
20 7 29
20 8 13
20 9 13
20 10 5
20 11 12
20 12 40
20 13 26
20 14 22
20 15 26
20 16 20
20 17 2
20 18 38
20 19 7
20 21 36
20 22 28
20 23 5
20 24 10
20 25 40
20 26 13
20 27 2
21 0 4
21 1 2
21 2 32
21 3 14
21 4 7
21 5 41
21 6 24
21 7 32
21 8 6
21 9 30
21 10 36
21 11 19
21 12 10
21 13 28
21 14 6
21 15 3
21 16 37
21 17 29
21 18 23
21 19 22
21 20 23
21 22 23
21 23 3
21 24 16
21 25 19
21 26 21
21 27 20
22 0 7
22 1 30
22 2 17
22 3 6
22 4 5
22 5 19
22 6 24
22 7 14
22 8 4
22 9 13
22 10 6
22 11 31
22 12 36
22 13 26
22 14 16
22 15 19
22 16 7
22 17 9
22 18 9
22 19 3
22 20 29
22 21 24
22 23 20
22 24 19
22 25 3
22 26 12
22 27 24
23 0 5
23 1 31
23 2 13
23 3 41
23 4 24
23 5 7
23 6 5
23 7 35
23 8 5
23 9 7
23 10 38
23 11 2
23 12 13
23 13 24
23 14 29
23 15 13
23 16 10
23 17 38
23 18 15
23 19 41
23 20 9
23 21 10
23 22 38
23 24 41
23 25 9
23 26 6
23 27 23
24 0 26
24 1 3
24 2 8
24 3 4
24 4 21
24 5 5
24 6 29
24 7 41
24 8 30
24 9 29
24 10 23
24 11 5
24 12 2
24 13 14
24 14 9
24 15 23
24 16 13
24 17 26
24 18 7
24 19 10
24 20 17
24 21 21
24 22 2
24 23 39
24 25 26
24 26 17
24 27 41
25 0 38
25 1 39
25 2 11
25 3 35
25 4 16
25 5 27
25 6 10
25 7 17
25 8 35
25 9 33
25 10 31
25 11 33
25 12 19
25 13 22
25 14 37
25 15 37
25 16 18
25 17 16
25 18 14
25 19 17
25 20 36
25 21 5
25 22 32
25 23 19
25 24 9
25 26 22
25 27 27
26 0 22
26 1 39
26 2 2
26 3 23
26 4 6
26 5 28
26 6 39
26 7 6
26 8 32
26 9 13
26 10 35
26 11 11
26 12 18
26 13 30
26 14 41
26 15 14
26 16 13
26 17 39
26 18 6
26 19 38
26 20 35
26 21 30
26 22 3
26 23 41
26 24 35
26 25 15
26 27 30
27 0 19
27 1 18
27 2 37
27 3 41
27 4 8
27 5 3
27 6 3
27 7 36
27 8 40
27 9 39
27 10 20
27 11 13
27 12 22
27 13 40
27 14 19
27 15 14
27 16 4
27 17 39
27 18 32
27 19 39
27 20 23
27 21 13
27 22 8
27 23 18
27 24 27
27 25 31
27 26 8
