#nb trucks
2
#intermediate truck points
15 2 10 0 18 17 19 16 20 1 9 11 12 23 7 14 13 6 5 21 
#truck (depot,  terminus)
22 4
3 8
#nb trailers
2
#intermediate trailer points
18 17 19 16 20 1 9 11 12 23 7 14 13 6 5 21 
#trailer (depot,  terminus)
15 10
2 0
#nb containers(for export empty request): the emptyContainer must be pickup at each one
2
#intermediate Container points
19 16 20 1 9 11 12 23 7 14 13 6 5 21 
#Container (depot)
18
17
#nb returned container depots (for import empty request): the emptyContainer must be delivery at each one
2
#return-depot container
19 16 
#export empty: [warehouse isBreakRomooc]
2
20 0
1 0
#import empty: [warehouse]
2
12
23
#export laden: [warehouse port isBreakRomooc]
2
9 13 0
11 6 0
#import laden: [port warehouse isBreakRomooc]
2
5 7 0
21 14 0
#nb Logical points
24
#time window: [pointId earliestArrivalTime latestArrivalTime servingTime]
0 0 1000000 0
1 63 245 2
2 0 1000000 0
3 0 1000000 0
4 0 1000000 0
5 88 268 2
6 0 394 2
7 103 285 2
8 0 1000000 0
9 92 1000000 2
10 0 1000000 0
11 208 1000000 2
12 337 1000000 2
13 0 283 2
14 529 711 2
15 0 1000000 0
16 0 151 2
17 24 204 2
18 -45 135 2
19 0 552 2
20 -5 177 2
21 505 685 2
22 0 1000000 0
23 -61 1000000 2
#travel distance(time) matrix:[from to travelTime]
552
0 1 32
0 2 19
0 3 30
0 4 26
0 5 3
0 6 11
0 7 15
0 8 9
0 9 23
0 10 38
0 11 11
0 12 39
0 13 36
0 14 21
0 15 3
0 16 29
0 17 6
0 18 21
0 19 16
0 20 11
0 21 18
0 22 31
0 23 20
1 0 5
1 2 2
1 3 37
1 4 20
1 5 4
1 6 39
1 7 37
1 8 24
1 9 40
1 10 2
1 11 6
1 12 19
1 13 27
1 14 7
1 15 6
1 16 38
1 17 41
1 18 14
1 19 14
1 20 36
1 21 20
1 22 39
1 23 37
2 0 33
2 1 3
2 3 9
2 4 17
2 5 4
2 6 2
2 7 32
2 8 37
2 9 22
2 10 14
2 11 17
2 12 20
2 13 5
2 14 31
2 15 35
2 16 36
2 17 18
2 18 31
2 19 19
2 20 37
2 21 4
2 22 17
2 23 35
3 0 16
3 1 30
3 2 11
3 4 9
3 5 13
3 6 12
3 7 22
3 8 40
3 9 4
3 10 37
3 11 20
3 12 13
3 13 37
3 14 37
3 15 41
3 16 32
3 17 3
3 18 10
3 19 25
3 20 13
3 21 20
3 22 25
3 23 9
4 0 14
4 1 4
4 2 37
4 3 34
4 5 31
4 6 22
4 7 35
4 8 41
4 9 5
4 10 12
4 11 36
4 12 10
4 13 36
4 14 22
4 15 40
4 16 2
4 17 11
4 18 14
4 19 11
4 20 19
4 21 30
4 22 12
4 23 39
5 0 10
5 1 40
5 2 14
5 3 14
5 4 12
5 6 35
5 7 15
5 8 34
5 9 7
5 10 14
5 11 32
5 12 12
5 13 6
5 14 17
5 15 29
5 16 21
5 17 4
5 18 32
5 19 38
5 20 19
5 21 26
5 22 2
5 23 29
6 0 20
6 1 19
6 2 37
6 3 39
6 4 16
6 5 36
6 7 7
6 8 35
6 9 30
6 10 33
6 11 19
6 12 8
6 13 30
6 14 11
6 15 31
6 16 4
6 17 22
6 18 22
6 19 30
6 20 22
6 21 19
6 22 14
6 23 31
7 0 37
7 1 6
7 2 33
7 3 40
7 4 26
7 5 40
7 6 31
7 8 16
7 9 39
7 10 3
7 11 7
7 12 40
7 13 19
7 14 23
7 15 36
7 16 29
7 17 30
7 18 30
7 19 28
7 20 14
7 21 15
7 22 29
7 23 40
8 0 12
8 1 5
8 2 39
8 3 31
8 4 18
8 5 9
8 6 31
8 7 30
8 9 34
8 10 19
8 11 2
8 12 34
8 13 34
8 14 36
8 15 14
8 16 6
8 17 17
8 18 16
8 19 19
8 20 32
8 21 26
8 22 6
8 23 5
9 0 37
9 1 20
9 2 24
9 3 27
9 4 13
9 5 11
9 6 13
9 7 15
9 8 9
9 10 39
9 11 6
9 12 26
9 13 9
9 14 14
9 15 14
9 16 35
9 17 26
9 18 25
9 19 10
9 20 28
9 21 29
9 22 24
9 23 39
10 0 2
10 1 2
10 2 19
10 3 27
10 4 23
10 5 11
10 6 14
10 7 36
10 8 29
10 9 5
10 11 15
10 12 21
10 13 40
10 14 17
10 15 7
10 16 7
10 17 25
10 18 2
10 19 11
10 20 12
10 21 19
10 22 6
10 23 23
11 0 39
11 1 20
11 2 15
11 3 6
11 4 39
11 5 10
11 6 4
11 7 40
11 8 33
11 9 7
11 10 40
11 12 31
11 13 29
11 14 10
11 15 36
11 16 24
11 17 33
11 18 27
11 19 16
11 20 27
11 21 18
11 22 3
11 23 20
12 0 31
12 1 34
12 2 38
12 3 37
12 4 30
12 5 19
12 6 14
12 7 20
12 8 7
12 9 17
12 10 13
12 11 24
12 13 14
12 14 21
12 15 7
12 16 11
12 17 12
12 18 21
12 19 33
12 20 10
12 21 12
12 22 41
12 23 10
13 0 22
13 1 28
13 2 25
13 3 12
13 4 40
13 5 36
13 6 3
13 7 39
13 8 26
13 9 22
13 10 40
13 11 19
13 12 24
13 14 33
13 15 30
13 16 23
13 17 36
13 18 28
13 19 32
13 20 11
13 21 9
13 22 12
13 23 33
14 0 6
14 1 32
14 2 2
14 3 39
14 4 5
14 5 14
14 6 36
14 7 20
14 8 25
14 9 23
14 10 22
14 11 33
14 12 3
14 13 3
14 15 5
14 16 35
14 17 23
14 18 38
14 19 32
14 20 7
14 21 34
14 22 22
14 23 35
15 0 9
15 1 34
15 2 13
15 3 9
15 4 24
15 5 9
15 6 39
15 7 29
15 8 30
15 9 4
15 10 37
15 11 5
15 12 19
15 13 6
15 14 31
15 16 20
15 17 9
15 18 12
15 19 9
15 20 19
15 21 19
15 22 29
15 23 4
16 0 35
16 1 6
16 2 8
16 3 29
16 4 9
16 5 25
16 6 26
16 7 19
16 8 38
16 9 41
16 10 34
16 11 18
16 12 26
16 13 13
16 14 27
16 15 12
16 17 13
16 18 41
16 19 22
16 20 7
16 21 25
16 22 30
16 23 9
17 0 10
17 1 39
17 2 21
17 3 15
17 4 33
17 5 37
17 6 28
17 7 37
17 8 24
17 9 9
17 10 2
17 11 15
17 12 19
17 13 21
17 14 12
17 15 21
17 16 28
17 18 39
17 19 18
17 20 5
17 21 38
17 22 3
17 23 19
18 0 30
18 1 14
18 2 31
18 3 21
18 4 38
18 5 34
18 6 11
18 7 2
18 8 25
18 9 26
18 10 19
18 11 28
18 12 22
18 13 18
18 14 2
18 15 8
18 16 31
18 17 17
18 19 12
18 20 40
18 21 22
18 22 12
18 23 33
19 0 35
19 1 39
19 2 28
19 3 25
19 4 39
19 5 14
19 6 6
19 7 16
19 8 23
19 9 21
19 10 17
19 11 8
19 12 39
19 13 41
19 14 26
19 15 13
19 16 20
19 17 10
19 18 27
19 20 33
19 21 41
19 22 37
19 23 10
20 0 21
20 1 11
20 2 32
20 3 5
20 4 32
20 5 38
20 6 18
20 7 36
20 8 39
20 9 9
20 10 36
20 11 7
20 12 25
20 13 37
20 14 24
20 15 30
20 16 6
20 17 27
20 18 20
20 19 15
20 21 28
20 22 27
20 23 19
21 0 2
21 1 29
21 2 32
21 3 9
21 4 41
21 5 40
21 6 8
21 7 24
21 8 19
21 9 34
21 10 18
21 11 36
21 12 8
21 13 41
21 14 24
21 15 7
21 16 30
21 17 13
21 18 20
21 19 33
21 20 33
21 22 3
21 23 31
22 0 40
22 1 26
22 2 16
22 3 28
22 4 8
22 5 22
22 6 38
22 7 20
22 8 8
22 9 7
22 10 14
22 11 18
22 12 25
22 13 40
22 14 18
22 15 22
22 16 27
22 17 26
22 18 21
22 19 15
22 20 5
22 21 36
22 23 2
23 0 33
23 1 9
23 2 39
23 3 22
23 4 31
23 5 2
23 6 23
23 7 3
23 8 26
23 9 34
23 10 29
23 11 9
23 12 31
23 13 5
23 14 25
23 15 3
23 16 30
23 17 20
23 18 5
23 19 4
23 20 22
23 21 6
23 22 13
