#nb trucks
2
#intermediate truck points
9 15 17 3 19 7 12 4 11 16 2 5 18 0 14 6 
#truck (depot,  terminus)
1 10
8 13
#nb trailers
2
#intermediate trailer points
19 7 12 4 11 16 2 5 18 0 14 6 
#trailer (depot,  terminus)
9 17
15 3
#nb containers(for export empty request): the emptyContainer must be pickup at each one
1
#intermediate Container points
7 12 4 11 16 2 5 18 0 14 6 
#Container (depot)
19
#nb returned container depots (for import empty request): the emptyContainer must be delivery at each one
1
#return-depot container
7 
#export empty: [warehouse isBreakRomooc]
1
12 0
#import empty: [warehouse]
1
16
#export laden: [warehouse port isBreakRomooc]
2
4 18 0
11 0 0
#import laden: [port warehouse isBreakRomooc]
2
14 2 0
6 5 0
#nb Logical points
20
#time window: [pointId earliestArrivalTime latestArrivalTime servingTime]
0 0 376 2
1 0 1000000 0
2 324 506 2
3 0 1000000 0
4 41 1000000 2
5 112 294 2
6 71 251 2
7 0 122 2
8 0 1000000 0
9 0 1000000 0
10 0 1000000 0
11 162 1000000 2
12 5 187 2
13 0 1000000 0
14 321 501 2
15 0 1000000 0
16 -70 1000000 2
17 0 1000000 0
18 0 228 2
19 -36 144 2
#travel distance(time) matrix:[from to travelTime]
380
0 1 10
0 2 30
0 3 14
0 4 10
0 5 33
0 6 37
0 7 7
0 8 28
0 9 7
0 10 9
0 11 16
0 12 10
0 13 6
0 14 34
0 15 35
0 16 9
0 17 4
0 18 18
0 19 24
1 0 30
1 2 18
1 3 9
1 4 26
1 5 24
1 6 4
1 7 28
1 8 9
1 9 41
1 10 4
1 11 29
1 12 35
1 13 10
1 14 26
1 15 37
1 16 39
1 17 6
1 18 20
1 19 14
2 0 8
2 1 23
2 3 6
2 4 38
2 5 2
2 6 5
2 7 7
2 8 5
2 9 28
2 10 29
2 11 16
2 12 39
2 13 34
2 14 6
2 15 41
2 16 5
2 17 37
2 18 7
2 19 41
3 0 14
3 1 33
3 2 3
3 4 25
3 5 4
3 6 28
3 7 31
3 8 38
3 9 33
3 10 22
3 11 26
3 12 26
3 13 23
3 14 9
3 15 19
3 16 14
3 17 6
3 18 22
3 19 25
4 0 22
4 1 33
4 2 33
4 3 3
4 5 25
4 6 2
4 7 35
4 8 16
4 9 11
4 10 36
4 11 26
4 12 8
4 13 33
4 14 31
4 15 39
4 16 10
4 17 32
4 18 5
4 19 11
5 0 39
5 1 34
5 2 3
5 3 31
5 4 27
5 6 22
5 7 28
5 8 38
5 9 28
5 10 10
5 11 39
5 12 25
5 13 10
5 14 40
5 15 33
5 16 24
5 17 7
5 18 35
5 19 37
6 0 8
6 1 32
6 2 13
6 3 8
6 4 5
6 5 41
6 7 22
6 8 17
6 9 21
6 10 39
6 11 3
6 12 29
6 13 6
6 14 31
6 15 32
6 16 33
6 17 37
6 18 36
6 19 35
7 0 16
7 1 36
7 2 30
7 3 31
7 4 29
7 5 7
7 6 37
7 8 17
7 9 34
7 10 4
7 11 20
7 12 3
7 13 6
7 14 12
7 15 19
7 16 35
7 17 6
7 18 34
7 19 29
8 0 15
8 1 26
8 2 15
8 3 25
8 4 7
8 5 32
8 6 40
8 7 27
8 9 22
8 10 6
8 11 21
8 12 26
8 13 15
8 14 24
8 15 6
8 16 5
8 17 24
8 18 26
8 19 20
9 0 14
9 1 5
9 2 40
9 3 41
9 4 32
9 5 36
9 6 9
9 7 21
9 8 37
9 10 33
9 11 41
9 12 30
9 13 40
9 14 38
9 15 21
9 16 19
9 17 18
9 18 8
9 19 10
10 0 37
10 1 8
10 2 24
10 3 22
10 4 18
10 5 9
10 6 4
10 7 8
10 8 24
10 9 5
10 11 10
10 12 4
10 13 11
10 14 16
10 15 32
10 16 38
10 17 3
10 18 6
10 19 19
11 0 32
11 1 4
11 2 25
11 3 27
11 4 31
11 5 35
11 6 22
11 7 31
11 8 7
11 9 34
11 10 6
11 12 10
11 13 38
11 14 33
11 15 8
11 16 25
11 17 6
11 18 10
11 19 11
12 0 39
12 1 4
12 2 30
12 3 34
12 4 16
12 5 22
12 6 24
12 7 40
12 8 14
12 9 10
12 10 14
12 11 26
12 13 11
12 14 25
12 15 16
12 16 12
12 17 12
12 18 34
12 19 39
13 0 27
13 1 22
13 2 27
13 3 11
13 4 34
13 5 33
13 6 2
13 7 32
13 8 9
13 9 21
13 10 41
13 11 6
13 12 31
13 14 36
13 15 32
13 16 20
13 17 24
13 18 30
13 19 4
14 0 9
14 1 41
14 2 3
14 3 30
14 4 6
14 5 40
14 6 33
14 7 7
14 8 3
14 9 41
14 10 10
14 11 15
14 12 37
14 13 3
14 15 24
14 16 13
14 17 40
14 18 34
14 19 40
15 0 32
15 1 7
15 2 5
15 3 33
15 4 11
15 5 29
15 6 31
15 7 15
15 8 7
15 9 7
15 10 19
15 11 33
15 12 35
15 13 32
15 14 32
15 16 11
15 17 31
15 18 32
15 19 20
16 0 24
16 1 22
16 2 18
16 3 5
16 4 31
16 5 26
16 6 33
16 7 10
16 8 33
16 9 33
16 10 30
16 11 33
16 12 29
16 13 20
16 14 24
16 15 17
16 17 40
16 18 17
16 19 9
17 0 7
17 1 28
17 2 38
17 3 17
17 4 39
17 5 4
17 6 38
17 7 26
17 8 40
17 9 17
17 10 9
17 11 7
17 12 18
17 13 4
17 14 27
17 15 41
17 16 11
17 18 9
17 19 22
18 0 15
18 1 12
18 2 12
18 3 11
18 4 9
18 5 35
18 6 34
18 7 28
18 8 41
18 9 10
18 10 31
18 11 13
18 12 23
18 13 20
18 14 15
18 15 33
18 16 40
18 17 32
18 19 19
19 0 17
19 1 10
19 2 14
19 3 3
19 4 23
19 5 39
19 6 38
19 7 26
19 8 41
19 9 27
19 10 24
19 11 18
19 12 41
19 13 35
19 14 6
19 15 5
19 16 40
19 17 36
19 18 29
