#nb trucks
4
#intermediate truck points
54 51 35 38 16 13 53 12 15 4 28 5 10 25 19 21 50 7 14 30 52 55 20 49 42 23 32 57 1 36 24 47 8 31 40 48 26 43 2 34 0 11 37 27 17 46 44 18 41 22 
#truck (depot,  terminus)
39 9
29 6
33 45
56 3
#nb trailers
4
#intermediate trailer points
15 4 28 5 10 25 19 21 50 7 14 30 52 55 20 49 42 23 32 57 1 36 24 47 8 31 40 48 26 43 2 34 0 11 37 27 17 46 44 18 41 22 
#trailer (depot,  terminus)
54 16
51 13
35 53
38 12
#nb containers(for export empty request): the emptyContainer must be pickup at each one
6
#intermediate Container points
19 21 50 7 14 30 52 55 20 49 42 23 32 57 1 36 24 47 8 31 40 48 26 43 2 34 0 11 37 27 17 46 44 18 41 22 
#Container (depot)
15
4
28
5
10
25
#nb returned container depots (for import empty request): the emptyContainer must be delivery at each one
6
#return-depot container
19 21 50 7 14 30 
#export empty: [warehouse isBreakRomooc]
5
52 0
55 0
20 0
49 0
42 0
#import empty: [warehouse]
5
24
47
8
31
40
#export laden: [warehouse port isBreakRomooc]
5
23 0 0
32 11 0
57 37 0
1 27 0
36 17 0
#import laden: [port warehouse isBreakRomooc]
5
46 48 0
44 26 0
18 43 0
41 2 0
22 34 0
#nb Logical points
58
#time window: [pointId earliestArrivalTime latestArrivalTime servingTime]
0 0 334 2
1 125 1000000 2
2 444 626 2
3 0 1000000 0
4 -63 117 2
5 -19 161 2
6 0 1000000 0
7 0 742 2
8 417 1000000 2
9 0 1000000 0
10 -59 121 2
11 0 470 2
12 0 1000000 0
13 0 1000000 0
14 0 298 2
15 0 1000000 0
16 0 1000000 0
17 0 486 2
18 289 469 2
19 0 161 2
20 -44 138 2
21 0 614 2
22 549 729 2
23 119 1000000 2
24 -51 1000000 2
25 43 223 2
26 156 338 2
27 0 312 2
28 -65 115 2
29 0 1000000 0
30 0 1000000 0
31 548 1000000 2
32 274 1000000 2
33 0 1000000 0
34 572 754 2
35 0 1000000 0
36 265 1000000 2
37 0 188 2
38 0 1000000 0
39 0 1000000 0
40 91 1000000 2
41 421 601 2
42 78 260 2
43 295 477 2
44 143 323 2
45 0 1000000 0
46 -9 171 2
47 427 1000000 2
48 13 195 2
49 16 198 2
50 0 613 2
51 0 1000000 0
52 -57 125 2
53 0 1000000 0
54 0 1000000 0
55 -59 123 2
56 0 1000000 0
57 -21 1000000 2
#travel distance(time) matrix:[from to travelTime]
3306
0 1 15
0 2 28
0 3 5
0 4 38
0 5 16
0 6 25
0 7 21
0 8 33
0 9 2
0 10 34
0 11 7
0 12 13
0 13 18
0 14 11
0 15 18
0 16 6
0 17 27
0 18 18
0 19 19
0 20 28
0 21 6
0 22 38
0 23 24
0 24 9
0 25 41
0 26 15
0 27 25
0 28 40
0 29 34
0 30 40
0 31 19
0 32 8
0 33 38
0 34 33
0 35 26
0 36 29
0 37 27
0 38 17
0 39 11
0 40 24
0 41 6
0 42 41
0 43 35
0 44 4
0 45 41
0 46 12
0 47 15
0 48 18
0 49 37
0 50 26
0 51 2
0 52 7
0 53 16
0 54 4
0 55 28
0 56 8
0 57 10
1 0 34
1 2 21
1 3 16
1 4 34
1 5 39
1 6 38
1 7 32
1 8 32
1 9 38
1 10 23
1 11 29
1 12 31
1 13 6
1 14 35
1 15 40
1 16 25
1 17 41
1 18 13
1 19 14
1 20 6
1 21 34
1 22 21
1 23 32
1 24 19
1 25 5
1 26 18
1 27 5
1 28 35
1 29 16
1 30 14
1 31 18
1 32 5
1 33 39
1 34 25
1 35 20
1 36 9
1 37 38
1 38 10
1 39 21
1 40 16
1 41 15
1 42 41
1 43 18
1 44 31
1 45 11
1 46 2
1 47 21
1 48 39
1 49 37
1 50 23
1 51 38
1 52 29
1 53 2
1 54 38
1 55 28
1 56 9
1 57 37
2 0 9
2 1 34
2 3 21
2 4 39
2 5 24
2 6 20
2 7 28
2 8 27
2 9 15
2 10 24
2 11 4
2 12 8
2 13 37
2 14 26
2 15 41
2 16 15
2 17 3
2 18 8
2 19 32
2 20 4
2 21 36
2 22 28
2 23 29
2 24 18
2 25 23
2 26 16
2 27 9
2 28 31
2 29 38
2 30 11
2 31 27
2 32 39
2 33 19
2 34 18
2 35 18
2 36 20
2 37 14
2 38 2
2 39 4
2 40 26
2 41 5
2 42 17
2 43 6
2 44 41
2 45 25
2 46 36
2 47 41
2 48 27
2 49 40
2 50 27
2 51 21
2 52 30
2 53 28
2 54 17
2 55 13
2 56 28
2 57 24
3 0 16
3 1 14
3 2 37
3 4 10
3 5 17
3 6 37
3 7 30
3 8 34
3 9 32
3 10 36
3 11 19
3 12 13
3 13 30
3 14 41
3 15 8
3 16 14
3 17 33
3 18 20
3 19 21
3 20 34
3 21 14
3 22 10
3 23 32
3 24 38
3 25 39
3 26 10
3 27 4
3 28 16
3 29 7
3 30 4
3 31 38
3 32 30
3 33 17
3 34 9
3 35 33
3 36 14
3 37 25
3 38 19
3 39 32
3 40 20
3 41 2
3 42 25
3 43 8
3 44 41
3 45 15
3 46 7
3 47 24
3 48 30
3 49 13
3 50 24
3 51 33
3 52 29
3 53 21
3 54 41
3 55 39
3 56 40
3 57 32
4 0 20
4 1 10
4 2 33
4 3 35
4 5 5
4 6 6
4 7 13
4 8 33
4 9 37
4 10 29
4 11 30
4 12 8
4 13 40
4 14 15
4 15 11
4 16 35
4 17 37
4 18 40
4 19 14
4 20 39
4 21 2
4 22 8
4 23 26
4 24 10
4 25 41
4 26 8
4 27 30
4 28 5
4 29 35
4 30 23
4 31 3
4 32 34
4 33 7
4 34 36
4 35 22
4 36 40
4 37 22
4 38 14
4 39 34
4 40 11
4 41 31
4 42 31
4 43 21
4 44 9
4 45 2
4 46 16
4 47 21
4 48 32
4 49 35
4 50 38
4 51 39
4 52 10
4 53 29
4 54 18
4 55 4
4 56 10
4 57 33
5 0 30
5 1 33
5 2 17
5 3 2
5 4 26
5 6 25
5 7 9
5 8 13
5 9 15
5 10 41
5 11 27
5 12 10
5 13 3
5 14 23
5 15 19
5 16 9
5 17 3
5 18 40
5 19 41
5 20 36
5 21 7
5 22 13
5 23 35
5 24 23
5 25 30
5 26 9
5 27 21
5 28 22
5 29 19
5 30 26
5 31 3
5 32 4
5 33 39
5 34 17
5 35 37
5 36 11
5 37 6
5 38 24
5 39 25
5 40 20
5 41 30
5 42 7
5 43 23
5 44 20
5 45 17
5 46 10
5 47 5
5 48 2
5 49 35
5 50 19
5 51 19
5 52 41
5 53 7
5 54 15
5 55 25
5 56 6
5 57 13
6 0 32
6 1 12
6 2 24
6 3 6
6 4 31
6 5 7
6 7 22
6 8 24
6 9 11
6 10 38
6 11 33
6 12 4
6 13 2
6 14 14
6 15 24
6 16 29
6 17 35
6 18 9
6 19 34
6 20 11
6 21 22
6 22 21
6 23 36
6 24 37
6 25 17
6 26 12
6 27 22
6 28 22
6 29 39
6 30 22
6 31 12
6 32 22
6 33 15
6 34 18
6 35 14
6 36 9
6 37 31
6 38 4
6 39 36
6 40 36
6 41 18
6 42 40
6 43 2
6 44 27
6 45 5
6 46 28
6 47 28
6 48 16
6 49 18
6 50 28
6 51 6
6 52 23
6 53 23
6 54 39
6 55 11
6 56 21
6 57 31
7 0 15
7 1 40
7 2 14
7 3 26
7 4 30
7 5 35
7 6 37
7 8 19
7 9 28
7 10 5
7 11 30
7 12 38
7 13 12
7 14 18
7 15 31
7 16 4
7 17 22
7 18 9
7 19 22
7 20 36
7 21 32
7 22 28
7 23 36
7 24 8
7 25 21
7 26 22
7 27 15
7 28 41
7 29 15
7 30 19
7 31 29
7 32 16
7 33 25
7 34 17
7 35 12
7 36 34
7 37 29
7 38 41
7 39 6
7 40 39
7 41 13
7 42 34
7 43 26
7 44 8
7 45 21
7 46 26
7 47 22
7 48 10
7 49 37
7 50 41
7 51 8
7 52 35
7 53 20
7 54 5
7 55 4
7 56 16
7 57 15
8 0 12
8 1 8
8 2 25
8 3 10
8 4 25
8 5 35
8 6 41
8 7 29
8 9 14
8 10 27
8 11 29
8 12 24
8 13 10
8 14 38
8 15 9
8 16 17
8 17 23
8 18 9
8 19 41
8 20 2
8 21 26
8 22 20
8 23 27
8 24 8
8 25 16
8 26 30
8 27 31
8 28 21
8 29 10
8 30 4
8 31 15
8 32 39
8 33 13
8 34 21
8 35 9
8 36 26
8 37 17
8 38 26
8 39 30
8 40 24
8 41 3
8 42 33
8 43 6
8 44 33
8 45 24
8 46 8
8 47 18
8 48 37
8 49 17
8 50 14
8 51 22
8 52 30
8 53 14
8 54 29
8 55 17
8 56 11
8 57 32
9 0 4
9 1 26
9 2 15
9 3 24
9 4 25
9 5 41
9 6 9
9 7 29
9 8 20
9 10 31
9 11 12
9 12 13
9 13 30
9 14 34
9 15 38
9 16 4
9 17 24
9 18 25
9 19 13
9 20 18
9 21 16
9 22 41
9 23 37
9 24 4
9 25 6
9 26 18
9 27 15
9 28 41
9 29 6
9 30 25
9 31 4
9 32 15
9 33 22
9 34 26
9 35 23
9 36 33
9 37 6
9 38 17
9 39 16
9 40 8
9 41 15
9 42 38
9 43 36
9 44 36
9 45 28
9 46 35
9 47 26
9 48 12
9 49 21
9 50 2
9 51 17
9 52 9
9 53 19
9 54 24
9 55 28
9 56 20
9 57 22
10 0 33
10 1 8
10 2 15
10 3 41
10 4 30
10 5 12
10 6 7
10 7 31
10 8 34
10 9 23
10 11 20
10 12 31
10 13 20
10 14 24
10 15 34
10 16 19
10 17 17
10 18 30
10 19 31
10 20 15
10 21 2
10 22 16
10 23 17
10 24 4
10 25 22
10 26 31
10 27 11
10 28 28
10 29 12
10 30 31
10 31 36
10 32 39
10 33 15
10 34 12
10 35 21
10 36 28
10 37 21
10 38 2
10 39 5
10 40 4
10 41 30
10 42 4
10 43 27
10 44 25
10 45 6
10 46 14
10 47 14
10 48 28
10 49 7
10 50 15
10 51 20
10 52 27
10 53 38
10 54 37
10 55 22
10 56 17
10 57 39
11 0 36
11 1 4
11 2 31
11 3 40
11 4 10
11 5 34
11 6 16
11 7 8
11 8 41
11 9 30
11 10 35
11 12 18
11 13 40
11 14 29
11 15 17
11 16 2
11 17 19
11 18 10
11 19 38
11 20 10
11 21 38
11 22 34
11 23 29
11 24 17
11 25 17
11 26 14
11 27 36
11 28 33
11 29 5
11 30 14
11 31 23
11 32 35
11 33 5
11 34 31
11 35 24
11 36 17
11 37 15
11 38 41
11 39 12
11 40 8
11 41 34
11 42 39
11 43 32
11 44 17
11 45 34
11 46 11
11 47 2
11 48 2
11 49 6
11 50 29
11 51 4
11 52 29
11 53 27
11 54 8
11 55 20
11 56 12
11 57 25
12 0 10
12 1 39
12 2 8
12 3 19
12 4 14
12 5 27
12 6 5
12 7 28
12 8 40
12 9 12
12 10 11
12 11 21
12 13 28
12 14 22
12 15 4
12 16 3
12 17 3
12 18 25
12 19 29
12 20 37
12 21 19
12 22 35
12 23 18
12 24 35
12 25 33
12 26 39
12 27 35
12 28 18
12 29 38
12 30 19
12 31 5
12 32 28
12 33 28
12 34 39
12 35 14
12 36 28
12 37 35
12 38 41
12 39 33
12 40 15
12 41 20
12 42 6
12 43 18
12 44 6
12 45 40
12 46 19
12 47 30
12 48 32
12 49 14
12 50 17
12 51 10
12 52 36
12 53 17
12 54 23
12 55 31
12 56 20
12 57 18
13 0 25
13 1 7
13 2 14
13 3 30
13 4 39
13 5 39
13 6 4
13 7 38
13 8 24
13 9 16
13 10 11
13 11 15
13 12 37
13 14 35
13 15 8
13 16 22
13 17 10
13 18 41
13 19 14
13 20 34
13 21 31
13 22 20
13 23 29
13 24 13
13 25 5
13 26 14
13 27 36
13 28 24
13 29 11
13 30 36
13 31 23
13 32 27
13 33 40
13 34 38
13 35 11
13 36 14
13 37 19
13 38 6
13 39 6
13 40 38
13 41 15
13 42 34
13 43 5
13 44 31
13 45 34
13 46 32
13 47 29
13 48 18
13 49 36
13 50 5
13 51 2
13 52 12
13 53 13
13 54 25
13 55 38
13 56 3
13 57 31
14 0 19
14 1 9
14 2 14
14 3 11
14 4 21
14 5 30
14 6 24
14 7 15
14 8 11
14 9 23
14 10 40
14 11 5
14 12 22
14 13 39
14 15 16
14 16 23
14 17 31
14 18 37
14 19 15
14 20 38
14 21 26
14 22 32
14 23 21
14 24 17
14 25 17
14 26 14
14 27 27
14 28 26
14 29 17
14 30 31
14 31 37
14 32 13
14 33 5
14 34 30
14 35 21
14 36 11
14 37 6
14 38 23
14 39 21
14 40 27
14 41 4
14 42 11
14 43 41
14 44 7
14 45 3
14 46 41
14 47 30
14 48 36
14 49 4
14 50 8
14 51 35
14 52 27
14 53 15
14 54 7
14 55 27
14 56 4
14 57 10
15 0 5
15 1 3
15 2 27
15 3 17
15 4 20
15 5 14
15 6 11
15 7 26
15 8 31
15 9 35
15 10 14
15 11 27
15 12 21
15 13 31
15 14 6
15 16 19
15 17 38
15 18 37
15 19 30
15 20 9
15 21 26
15 22 15
15 23 18
15 24 5
15 25 25
15 26 15
15 27 21
15 28 25
15 29 21
15 30 6
15 31 34
15 32 12
15 33 3
15 34 8
15 35 2
15 36 27
15 37 33
15 38 35
15 39 11
15 40 12
15 41 17
15 42 2
15 43 25
15 44 40
15 45 35
15 46 18
15 47 22
15 48 36
15 49 2
15 50 24
15 51 22
15 52 21
15 53 12
15 54 12
15 55 6
15 56 13
15 57 21
16 0 15
16 1 34
16 2 30
16 3 37
16 4 4
16 5 5
16 6 18
16 7 5
16 8 30
16 9 3
16 10 29
16 11 26
16 12 14
16 13 19
16 14 32
16 15 40
16 17 31
16 18 16
16 19 2
16 20 39
16 21 25
16 22 31
16 23 4
16 24 19
16 25 37
16 26 2
16 27 2
16 28 29
16 29 3
16 30 3
16 31 33
16 32 23
16 33 38
16 34 36
16 35 25
16 36 13
16 37 25
16 38 3
16 39 41
16 40 31
16 41 9
16 42 36
16 43 34
16 44 27
16 45 14
16 46 6
16 47 33
16 48 31
16 49 38
16 50 31
16 51 20
16 52 12
16 53 8
16 54 35
16 55 39
16 56 14
16 57 10
17 0 24
17 1 27
17 2 32
17 3 16
17 4 21
17 5 5
17 6 4
17 7 34
17 8 9
17 9 39
17 10 8
17 11 32
17 12 7
17 13 29
17 14 36
17 15 28
17 16 7
17 18 5
17 19 8
17 20 4
17 21 24
17 22 4
17 23 11
17 24 35
17 25 2
17 26 17
17 27 22
17 28 4
17 29 24
17 30 41
17 31 6
17 32 34
17 33 34
17 34 6
17 35 32
17 36 6
17 37 9
17 38 28
17 39 7
17 40 29
17 41 3
17 42 18
17 43 18
17 44 37
17 45 30
17 46 25
17 47 25
17 48 5
17 49 17
17 50 13
17 51 29
17 52 38
17 53 22
17 54 20
17 55 23
17 56 10
17 57 4
18 0 7
18 1 32
18 2 24
18 3 17
18 4 21
18 5 24
18 6 40
18 7 37
18 8 39
18 9 3
18 10 9
18 11 25
18 12 3
18 13 21
18 14 36
18 15 6
18 16 40
18 17 6
18 19 21
18 20 3
18 21 34
18 22 25
18 23 6
18 24 6
18 25 3
18 26 30
18 27 40
18 28 11
18 29 39
18 30 16
18 31 7
18 32 34
18 33 2
18 34 40
18 35 24
18 36 27
18 37 24
18 38 16
18 39 18
18 40 13
18 41 32
18 42 28
18 43 6
18 44 35
18 45 6
18 46 10
18 47 4
18 48 32
18 49 27
18 50 26
18 51 3
18 52 34
18 53 28
18 54 17
18 55 37
18 56 41
18 57 20
19 0 8
19 1 13
19 2 11
19 3 31
19 4 33
19 5 14
19 6 8
19 7 20
19 8 17
19 9 33
19 10 24
19 11 5
19 12 9
19 13 2
19 14 5
19 15 30
19 16 14
19 17 8
19 18 35
19 20 8
19 21 17
19 22 7
19 23 27
19 24 41
19 25 17
19 26 4
19 27 39
19 28 34
19 29 4
19 30 4
19 31 40
19 32 5
19 33 13
19 34 17
19 35 35
19 36 16
19 37 39
19 38 26
19 39 34
19 40 18
19 41 7
19 42 22
19 43 30
19 44 9
19 45 31
19 46 13
19 47 34
19 48 22
19 49 15
19 50 35
19 51 3
19 52 38
19 53 6
19 54 10
19 55 28
19 56 37
19 57 23
20 0 35
20 1 39
20 2 41
20 3 15
20 4 32
20 5 37
20 6 40
20 7 2
20 8 41
20 9 6
20 10 40
20 11 5
20 12 25
20 13 19
20 14 33
20 15 14
20 16 12
20 17 24
20 18 16
20 19 15
20 21 15
20 22 8
20 23 3
20 24 18
20 25 4
20 26 9
20 27 20
20 28 15
20 29 17
20 30 7
20 31 36
20 32 8
20 33 36
20 34 12
20 35 13
20 36 21
20 37 21
20 38 29
20 39 3
20 40 19
20 41 8
20 42 24
20 43 40
20 44 16
20 45 5
20 46 33
20 47 36
20 48 34
20 49 38
20 50 27
20 51 14
20 52 21
20 53 4
20 54 27
20 55 17
20 56 19
20 57 30
21 0 9
21 1 29
21 2 29
21 3 16
21 4 24
21 5 32
21 6 8
21 7 28
21 8 37
21 9 41
21 10 35
21 11 15
21 12 36
21 13 33
21 14 13
21 15 26
21 16 21
21 17 15
21 18 35
21 19 28
21 20 6
21 22 23
21 23 31
21 24 40
21 25 34
21 26 6
21 27 28
21 28 24
21 29 15
21 30 12
21 31 38
21 32 22
21 33 5
21 34 6
21 35 38
21 36 27
21 37 10
21 38 38
21 39 3
21 40 22
21 41 3
21 42 26
21 43 20
21 44 10
21 45 13
21 46 39
21 47 26
21 48 20
21 49 10
21 50 31
21 51 27
21 52 24
21 53 14
21 54 6
21 55 33
21 56 23
21 57 33
22 0 20
22 1 33
22 2 39
22 3 15
22 4 24
22 5 31
22 6 39
22 7 35
22 8 10
22 9 38
22 10 29
22 11 19
22 12 27
22 13 13
22 14 23
22 15 28
22 16 4
22 17 21
22 18 18
22 19 5
22 20 31
22 21 40
22 23 10
22 24 10
22 25 29
22 26 28
22 27 30
22 28 15
22 29 21
22 30 12
22 31 23
22 32 36
22 33 6
22 34 23
22 35 5
22 36 32
22 37 25
22 38 41
22 39 22
22 40 14
22 41 6
22 42 40
22 43 4
22 44 13
22 45 34
22 46 2
22 47 18
22 48 35
22 49 10
22 50 2
22 51 3
22 52 33
22 53 38
22 54 9
22 55 38
22 56 33
22 57 21
23 0 33
23 1 26
23 2 11
23 3 24
23 4 20
23 5 34
23 6 32
23 7 38
23 8 3
23 9 22
23 10 22
23 11 28
23 12 34
23 13 6
23 14 34
23 15 38
23 16 17
23 17 26
23 18 36
23 19 39
23 20 30
23 21 3
23 22 36
23 24 41
23 25 38
23 26 24
23 27 26
23 28 33
23 29 18
23 30 30
23 31 27
23 32 34
23 33 38
23 34 40
23 35 24
23 36 20
23 37 13
23 38 22
23 39 32
23 40 33
23 41 24
23 42 29
23 43 21
23 44 20
23 45 37
23 46 19
23 47 36
23 48 14
23 49 36
23 50 13
23 51 38
23 52 30
23 53 5
23 54 7
23 55 4
23 56 20
23 57 29
24 0 15
24 1 39
24 2 35
24 3 8
24 4 22
24 5 29
24 6 17
24 7 32
24 8 12
24 9 40
24 10 28
24 11 3
24 12 23
24 13 40
24 14 34
24 15 35
24 16 16
24 17 33
24 18 29
24 19 30
24 20 2
24 21 7
24 22 33
24 23 14
24 25 7
24 26 13
24 27 11
24 28 35
24 29 9
24 30 30
24 31 33
24 32 36
24 33 2
24 34 18
24 35 32
24 36 5
24 37 9
24 38 26
24 39 37
24 40 3
24 41 10
24 42 7
24 43 12
24 44 2
24 45 24
24 46 13
24 47 30
24 48 7
24 49 17
24 50 5
24 51 3
24 52 10
24 53 14
24 54 31
24 55 28
24 56 18
24 57 37
25 0 6
25 1 19
25 2 29
25 3 22
25 4 6
25 5 17
25 6 39
25 7 38
25 8 17
25 9 28
25 10 15
25 11 27
25 12 22
25 13 27
25 14 34
25 15 5
25 16 27
25 17 8
25 18 23
25 19 5
25 20 17
25 21 9
25 22 33
25 23 21
25 24 30
25 26 34
25 27 3
25 28 12
25 29 25
25 30 18
25 31 29
25 32 4
25 33 13
25 34 24
25 35 5
25 36 41
25 37 8
25 38 27
25 39 9
25 40 16
25 41 14
25 42 35
25 43 25
25 44 25
25 45 6
25 46 39
25 47 25
25 48 27
25 49 30
25 50 28
25 51 20
25 52 19
25 53 34
25 54 14
25 55 28
25 56 16
25 57 24
26 0 30
26 1 6
26 2 14
26 3 31
26 4 33
26 5 27
26 6 22
26 7 14
26 8 32
26 9 24
26 10 30
26 11 25
26 12 41
26 13 15
26 14 2
26 15 29
26 16 34
26 17 30
26 18 22
26 19 5
26 20 37
26 21 38
26 22 38
26 23 5
26 24 12
26 25 6
26 27 29
26 28 20
26 29 34
26 30 29
26 31 31
26 32 31
26 33 36
26 34 39
26 35 27
26 36 39
26 37 34
26 38 23
26 39 24
26 40 36
26 41 6
26 42 18
26 43 2
26 44 20
26 45 24
26 46 4
26 47 17
26 48 20
26 49 27
26 50 36
26 51 15
26 52 23
26 53 40
26 54 34
26 55 20
26 56 36
26 57 37
27 0 17
27 1 32
27 2 9
27 3 41
27 4 24
27 5 20
27 6 14
27 7 30
27 8 10
27 9 5
27 10 5
27 11 4
27 12 21
27 13 5
27 14 29
27 15 6
27 16 16
27 17 24
27 18 29
27 19 19
27 20 37
27 21 17
27 22 13
27 23 12
27 24 22
27 25 15
27 26 41
27 28 29
27 29 19
27 30 39
27 31 15
27 32 9
27 33 2
27 34 31
27 35 7
27 36 38
27 37 40
27 38 19
27 39 10
27 40 2
27 41 3
27 42 16
27 43 27
27 44 25
27 45 26
27 46 19
27 47 11
27 48 4
27 49 28
27 50 21
27 51 9
27 52 24
27 53 5
27 54 22
27 55 21
27 56 40
27 57 15
28 0 34
28 1 5
28 2 7
28 3 29
28 4 20
28 5 41
28 6 14
28 7 3
28 8 30
28 9 41
28 10 30
28 11 41
28 12 34
28 13 7
28 14 11
28 15 6
28 16 8
28 17 23
28 18 14
28 19 18
28 20 21
28 21 19
28 22 29
28 23 11
28 24 20
28 25 26
28 26 32
28 27 17
28 29 36
28 30 32
28 31 35
28 32 29
28 33 5
28 34 25
28 35 35
28 36 28
28 37 39
28 38 23
28 39 39
28 40 41
28 41 2
28 42 36
28 43 5
28 44 24
28 45 36
28 46 41
28 47 21
28 48 40
28 49 34
28 50 20
28 51 22
28 52 8
28 53 30
28 54 40
28 55 27
28 56 2
28 57 25
29 0 22
29 1 26
29 2 28
29 3 30
29 4 10
29 5 41
29 6 11
29 7 19
29 8 33
29 9 13
29 10 18
29 11 12
29 12 21
29 13 40
29 14 33
29 15 38
29 16 3
29 17 30
29 18 33
29 19 21
29 20 4
29 21 13
29 22 19
29 23 26
29 24 23
29 25 6
29 26 8
29 27 20
29 28 8
29 30 12
29 31 19
29 32 9
29 33 33
29 34 16
29 35 27
29 36 34
29 37 38
29 38 6
29 39 29
29 40 41
29 41 39
29 42 32
29 43 6
29 44 23
29 45 23
29 46 6
29 47 13
29 48 38
29 49 10
29 50 14
29 51 23
29 52 8
29 53 19
29 54 29
29 55 20
29 56 11
29 57 34
30 0 2
30 1 7
30 2 25
30 3 21
30 4 11
30 5 36
30 6 8
30 7 38
30 8 31
30 9 33
30 10 2
30 11 2
30 12 31
30 13 31
30 14 18
30 15 41
30 16 17
30 17 26
30 18 12
30 19 9
30 20 11
30 21 19
30 22 39
30 23 21
30 24 33
30 25 7
30 26 11
30 27 19
30 28 11
30 29 32
30 31 9
30 32 11
30 33 37
30 34 17
30 35 3
30 36 28
30 37 36
30 38 39
30 39 24
30 40 8
30 41 34
30 42 11
30 43 12
30 44 32
30 45 39
30 46 12
30 47 26
30 48 10
30 49 36
30 50 26
30 51 23
30 52 22
30 53 29
30 54 29
30 55 37
30 56 9
30 57 34
31 0 36
31 1 8
31 2 24
31 3 41
31 4 25
31 5 16
31 6 30
31 7 12
31 8 33
31 9 4
31 10 24
31 11 19
31 12 10
31 13 39
31 14 30
31 15 6
31 16 13
31 17 18
31 18 20
31 19 10
31 20 26
31 21 38
31 22 23
31 23 29
31 24 19
31 25 4
31 26 35
31 27 14
31 28 41
31 29 11
31 30 32
31 32 30
31 33 10
31 34 4
31 35 38
31 36 13
31 37 5
31 38 13
31 39 29
31 40 35
31 41 28
31 42 9
31 43 7
31 44 4
31 45 23
31 46 33
31 47 41
31 48 23
31 49 10
31 50 41
31 51 28
31 52 27
31 53 12
31 54 17
31 55 34
31 56 23
31 57 24
32 0 6
32 1 20
32 2 20
32 3 41
32 4 37
32 5 9
32 6 8
32 7 31
32 8 35
32 9 16
32 10 10
32 11 14
32 12 4
32 13 22
32 14 38
32 15 37
32 16 30
32 17 11
32 18 4
32 19 36
32 20 25
32 21 23
32 22 17
32 23 30
32 24 13
32 25 18
32 26 41
32 27 30
32 28 24
32 29 17
32 30 30
32 31 38
32 33 3
32 34 5
32 35 26
32 36 11
32 37 7
32 38 13
32 39 30
32 40 4
32 41 9
32 42 11
32 43 13
32 44 10
32 45 16
32 46 12
32 47 8
32 48 17
32 49 7
32 50 17
32 51 14
32 52 19
32 53 3
32 54 35
32 55 15
32 56 38
32 57 10
33 0 19
33 1 13
33 2 12
33 3 22
33 4 16
33 5 24
33 6 17
33 7 37
33 8 33
33 9 20
33 10 10
33 11 22
33 12 26
33 13 34
33 14 24
33 15 10
33 16 35
33 17 24
33 18 35
33 19 13
33 20 12
33 21 21
33 22 35
33 23 32
33 24 13
33 25 13
33 26 10
33 27 12
33 28 41
33 29 29
33 30 6
33 31 20
33 32 35
33 34 20
33 35 2
33 36 39
33 37 33
33 38 15
33 39 4
33 40 41
33 41 5
33 42 39
33 43 17
33 44 38
33 45 19
33 46 40
33 47 37
33 48 34
33 49 36
33 50 33
33 51 39
33 52 16
33 53 24
33 54 35
33 55 8
33 56 4
33 57 11
34 0 39
34 1 4
34 2 31
34 3 6
34 4 33
34 5 17
34 6 23
34 7 38
34 8 3
34 9 12
34 10 24
34 11 26
34 12 39
34 13 12
34 14 11
34 15 21
34 16 37
34 17 38
34 18 26
34 19 4
34 20 37
34 21 23
34 22 37
34 23 10
34 24 18
34 25 16
34 26 36
34 27 14
34 28 12
34 29 35
34 30 17
34 31 38
34 32 15
34 33 20
34 35 16
34 36 5
34 37 13
34 38 35
34 39 15
34 40 24
34 41 37
34 42 6
34 43 4
34 44 22
34 45 38
34 46 12
34 47 40
34 48 21
34 49 28
34 50 20
34 51 30
34 52 34
34 53 29
34 54 35
34 55 15
34 56 16
34 57 9
35 0 28
35 1 13
35 2 18
35 3 28
35 4 25
35 5 26
35 6 19
35 7 26
35 8 16
35 9 4
35 10 18
35 11 21
35 12 10
35 13 15
35 14 20
35 15 38
35 16 5
35 17 24
35 18 33
35 19 22
35 20 32
35 21 26
35 22 41
35 23 39
35 24 39
35 25 39
35 26 7
35 27 4
35 28 20
35 29 27
35 30 19
35 31 41
35 32 5
35 33 24
35 34 38
35 36 9
35 37 30
35 38 10
35 39 38
35 40 34
35 41 11
35 42 23
35 43 34
35 44 15
35 45 7
35 46 37
35 47 23
35 48 2
35 49 19
35 50 39
35 51 32
35 52 19
35 53 30
35 54 21
35 55 12
35 56 2
35 57 34
36 0 32
36 1 25
36 2 37
36 3 15
36 4 15
36 5 23
36 6 6
36 7 9
36 8 24
36 9 24
36 10 28
36 11 13
36 12 30
36 13 3
36 14 13
36 15 25
36 16 28
36 17 39
36 18 5
36 19 9
36 20 19
36 21 37
36 22 29
36 23 5
36 24 30
36 25 22
36 26 19
36 27 15
36 28 39
36 29 19
36 30 25
36 31 19
36 32 5
36 33 36
36 34 29
36 35 40
36 37 21
36 38 16
36 39 21
36 40 11
36 41 34
36 42 3
36 43 28
36 44 10
36 45 11
36 46 14
36 47 29
36 48 30
36 49 39
36 50 39
36 51 19
36 52 9
36 53 15
36 54 9
36 55 27
36 56 31
36 57 40
37 0 15
37 1 32
37 2 34
37 3 27
37 4 26
37 5 16
37 6 21
37 7 11
37 8 19
37 9 23
37 10 10
37 11 27
37 12 25
37 13 24
37 14 7
37 15 41
37 16 19
37 17 3
37 18 10
37 19 19
37 20 34
37 21 16
37 22 14
37 23 20
37 24 38
37 25 31
37 26 14
37 27 3
37 28 41
37 29 33
37 30 5
37 31 41
37 32 32
37 33 14
37 34 16
37 35 5
37 36 5
37 38 36
37 39 28
37 40 29
37 41 26
37 42 8
37 43 17
37 44 35
37 45 16
37 46 13
37 47 24
37 48 18
37 49 5
37 50 14
37 51 17
37 52 19
37 53 28
37 54 17
37 55 36
37 56 32
37 57 6
38 0 19
38 1 25
38 2 4
38 3 31
38 4 10
38 5 28
38 6 38
38 7 36
38 8 10
38 9 24
38 10 40
38 11 39
38 12 23
38 13 28
38 14 8
38 15 5
38 16 12
38 17 2
38 18 10
38 19 7
38 20 39
38 21 36
38 22 31
38 23 28
38 24 17
38 25 10
38 26 23
38 27 16
38 28 13
38 29 30
38 30 39
38 31 37
38 32 19
38 33 41
38 34 22
38 35 8
38 36 18
38 37 6
38 39 26
38 40 7
38 41 16
38 42 4
38 43 26
38 44 38
38 45 31
38 46 9
38 47 31
38 48 16
38 49 23
38 50 17
38 51 36
38 52 27
38 53 17
38 54 6
38 55 39
38 56 20
38 57 15
39 0 25
39 1 11
39 2 18
39 3 6
39 4 23
39 5 19
39 6 30
39 7 5
39 8 24
39 9 37
39 10 24
39 11 29
39 12 40
39 13 9
39 14 29
39 15 20
39 16 40
39 17 37
39 18 20
39 19 15
39 20 15
39 21 14
39 22 40
39 23 12
39 24 41
39 25 21
39 26 39
39 27 10
39 28 34
39 29 11
39 30 10
39 31 13
39 32 36
39 33 3
39 34 13
39 35 9
39 36 35
39 37 27
39 38 38
39 40 27
39 41 34
39 42 13
39 43 34
39 44 39
39 45 39
39 46 8
39 47 27
39 48 17
39 49 33
39 50 22
39 51 38
39 52 3
39 53 2
39 54 18
39 55 40
39 56 32
39 57 23
40 0 41
40 1 33
40 2 3
40 3 28
40 4 34
40 5 16
40 6 39
40 7 12
40 8 2
40 9 14
40 10 19
40 11 38
40 12 24
40 13 16
40 14 25
40 15 36
40 16 34
40 17 19
40 18 12
40 19 13
40 20 10
40 21 4
40 22 28
40 23 2
40 24 33
40 25 39
40 26 16
40 27 22
40 28 7
40 29 13
40 30 6
40 31 14
40 32 12
40 33 35
40 34 17
40 35 24
40 36 5
40 37 5
40 38 32
40 39 40
40 41 6
40 42 17
40 43 31
40 44 36
40 45 32
40 46 32
40 47 4
40 48 17
40 49 32
40 50 39
40 51 25
40 52 16
40 53 4
40 54 12
40 55 25
40 56 32
40 57 34
41 0 5
41 1 40
41 2 23
41 3 31
41 4 17
41 5 35
41 6 3
41 7 25
41 8 34
41 9 17
41 10 10
41 11 10
41 12 18
41 13 21
41 14 17
41 15 9
41 16 10
41 17 9
41 18 10
41 19 15
41 20 18
41 21 24
41 22 6
41 23 34
41 24 10
41 25 8
41 26 26
41 27 17
41 28 15
41 29 3
41 30 23
41 31 37
41 32 10
41 33 33
41 34 25
41 35 40
41 36 34
41 37 19
41 38 25
41 39 30
41 40 26
41 42 22
41 43 6
41 44 28
41 45 28
41 46 33
41 47 22
41 48 9
41 49 21
41 50 21
41 51 10
41 52 39
41 53 34
41 54 17
41 55 15
41 56 30
41 57 8
42 0 39
42 1 25
42 2 22
42 3 2
42 4 39
42 5 10
42 6 14
42 7 3
42 8 29
42 9 40
42 10 14
42 11 19
42 12 41
42 13 21
42 14 5
42 15 6
42 16 11
42 17 40
42 18 24
42 19 32
42 20 9
42 21 40
42 22 16
42 23 37
42 24 7
42 25 33
42 26 31
42 27 21
42 28 18
42 29 15
42 30 22
42 31 4
42 32 17
42 33 23
42 34 22
42 35 8
42 36 32
42 37 13
42 38 9
42 39 19
42 40 18
42 41 16
42 43 36
42 44 33
42 45 2
42 46 2
42 47 4
42 48 11
42 49 38
42 50 12
42 51 41
42 52 26
42 53 25
42 54 30
42 55 11
42 56 39
42 57 28
43 0 35
43 1 16
43 2 30
43 3 32
43 4 11
43 5 40
43 6 4
43 7 26
43 8 2
43 9 37
43 10 21
43 11 11
43 12 6
43 13 26
43 14 24
43 15 3
43 16 13
43 17 14
43 18 7
43 19 26
43 20 29
43 21 13
43 22 21
43 23 19
43 24 22
43 25 12
43 26 4
43 27 37
43 28 34
43 29 31
43 30 31
43 31 38
43 32 20
43 33 40
43 34 10
43 35 7
43 36 6
43 37 14
43 38 10
43 39 6
43 40 28
43 41 32
43 42 14
43 44 28
43 45 22
43 46 28
43 47 36
43 48 36
43 49 4
43 50 25
43 51 25
43 52 20
43 53 25
43 54 29
43 55 16
43 56 12
43 57 2
44 0 12
44 1 12
44 2 40
44 3 16
44 4 6
44 5 33
44 6 19
44 7 16
44 8 27
44 9 20
44 10 2
44 11 4
44 12 13
44 13 10
44 14 2
44 15 3
44 16 10
44 17 30
44 18 39
44 19 11
44 20 21
44 21 36
44 22 26
44 23 7
44 24 8
44 25 11
44 26 13
44 27 35
44 28 32
44 29 32
44 30 22
44 31 12
44 32 29
44 33 29
44 34 15
44 35 37
44 36 13
44 37 16
44 38 6
44 39 20
44 40 4
44 41 15
44 42 30
44 43 19
44 45 41
44 46 34
44 47 8
44 48 34
44 49 8
44 50 9
44 51 31
44 52 25
44 53 23
44 54 4
44 55 31
44 56 27
44 57 8
45 0 34
45 1 9
45 2 23
45 3 18
45 4 24
45 5 22
45 6 32
45 7 20
45 8 27
45 9 21
45 10 12
45 11 39
45 12 41
45 13 3
45 14 26
45 15 23
45 16 34
45 17 6
45 18 28
45 19 6
45 20 4
45 21 14
45 22 20
45 23 37
45 24 20
45 25 33
45 26 3
45 27 24
45 28 40
45 29 17
45 30 29
45 31 4
45 32 24
45 33 11
45 34 16
45 35 15
45 36 22
45 37 7
45 38 34
45 39 12
45 40 27
45 41 7
45 42 26
45 43 26
45 44 8
45 46 22
45 47 23
45 48 8
45 49 14
45 50 31
45 51 30
45 52 40
45 53 37
45 54 23
45 55 31
45 56 13
45 57 9
46 0 16
46 1 14
46 2 26
46 3 11
46 4 27
46 5 31
46 6 32
46 7 4
46 8 24
46 9 26
46 10 19
46 11 20
46 12 21
46 13 39
46 14 2
46 15 40
46 16 41
46 17 3
46 18 41
46 19 33
46 20 4
46 21 32
46 22 21
46 23 17
46 24 29
46 25 34
46 26 35
46 27 33
46 28 39
46 29 6
46 30 13
46 31 14
46 32 25
46 33 37
46 34 26
46 35 27
46 36 17
46 37 6
46 38 25
46 39 15
46 40 28
46 41 2
46 42 10
46 43 38
46 44 36
46 45 41
46 47 41
46 48 22
46 49 38
46 50 10
46 51 23
46 52 16
46 53 39
46 54 31
46 55 23
46 56 38
46 57 36
47 0 31
47 1 26
47 2 20
47 3 34
47 4 37
47 5 16
47 6 31
47 7 40
47 8 13
47 9 36
47 10 26
47 11 39
47 12 15
47 13 10
47 14 31
47 15 2
47 16 20
47 17 23
47 18 10
47 19 8
47 20 29
47 21 5
47 22 25
47 23 28
47 24 4
47 25 26
47 26 8
47 27 13
47 28 34
47 29 12
47 30 34
47 31 31
47 32 7
47 33 3
47 34 17
47 35 37
47 36 7
47 37 11
47 38 38
47 39 16
47 40 26
47 41 4
47 42 4
47 43 41
47 44 12
47 45 39
47 46 23
47 48 15
47 49 35
47 50 24
47 51 34
47 52 30
47 53 32
47 54 11
47 55 38
47 56 4
47 57 28
48 0 20
48 1 38
48 2 41
48 3 27
48 4 15
48 5 39
48 6 18
48 7 30
48 8 40
48 9 30
48 10 18
48 11 26
48 12 41
48 13 33
48 14 22
48 15 14
48 16 14
48 17 39
48 18 35
48 19 27
48 20 5
48 21 3
48 22 7
48 23 28
48 24 23
48 25 19
48 26 32
48 27 4
48 28 6
48 29 16
48 30 5
48 31 22
48 32 35
48 33 22
48 34 15
48 35 40
48 36 13
48 37 19
48 38 3
48 39 25
48 40 15
48 41 5
48 42 31
48 43 9
48 44 30
48 45 3
48 46 38
48 47 24
48 49 13
48 50 29
48 51 10
48 52 22
48 53 24
48 54 32
48 55 13
48 56 2
48 57 10
49 0 25
49 1 20
49 2 38
49 3 3
49 4 27
49 5 33
49 6 15
49 7 25
49 8 12
49 9 3
49 10 27
49 11 17
49 12 17
49 13 20
49 14 11
49 15 10
49 16 2
49 17 31
49 18 24
49 19 15
49 20 9
49 21 27
49 22 18
49 23 7
49 24 3
49 25 25
49 26 11
49 27 11
49 28 17
49 29 38
49 30 34
49 31 3
49 32 8
49 33 37
49 34 3
49 35 5
49 36 12
49 37 29
49 38 35
49 39 27
49 40 20
49 41 17
49 42 10
49 43 39
49 44 6
49 45 10
49 46 17
49 47 6
49 48 27
49 50 6
49 51 3
49 52 7
49 53 29
49 54 18
49 55 16
49 56 39
49 57 13
50 0 4
50 1 36
50 2 18
50 3 34
50 4 14
50 5 7
50 6 31
50 7 11
50 8 7
50 9 5
50 10 8
50 11 38
50 12 20
50 13 13
50 14 29
50 15 9
50 16 6
50 17 23
50 18 20
50 19 37
50 20 16
50 21 7
50 22 31
50 23 18
50 24 24
50 25 6
50 26 19
50 27 13
50 28 31
50 29 39
50 30 16
50 31 23
50 32 39
50 33 7
50 34 33
50 35 15
50 36 8
50 37 6
50 38 26
50 39 40
50 40 22
50 41 10
50 42 9
50 43 5
50 44 19
50 45 2
50 46 19
50 47 16
50 48 29
50 49 40
50 51 4
50 52 34
50 53 11
50 54 8
50 55 17
50 56 20
50 57 17
51 0 37
51 1 38
51 2 5
51 3 38
51 4 35
51 5 31
51 6 28
51 7 6
51 8 39
51 9 29
51 10 5
51 11 9
51 12 18
51 13 40
51 14 9
51 15 23
51 16 12
51 17 19
51 18 37
51 19 6
51 20 14
51 21 41
51 22 37
51 23 25
51 24 16
51 25 17
51 26 41
51 27 7
51 28 24
51 29 24
51 30 37
51 31 30
51 32 36
51 33 28
51 34 39
51 35 18
51 36 15
51 37 17
51 38 18
51 39 5
51 40 7
51 41 10
51 42 15
51 43 20
51 44 24
51 45 37
51 46 3
51 47 20
51 48 17
51 49 27
51 50 27
51 52 40
51 53 35
51 54 18
51 55 11
51 56 24
51 57 2
52 0 33
52 1 7
52 2 31
52 3 12
52 4 16
52 5 17
52 6 25
52 7 7
52 8 2
52 9 33
52 10 7
52 11 39
52 12 40
52 13 19
52 14 25
52 15 37
52 16 19
52 17 41
52 18 38
52 19 27
52 20 37
52 21 25
52 22 35
52 23 3
52 24 4
52 25 26
52 26 30
52 27 24
52 28 36
52 29 8
52 30 21
52 31 4
52 32 24
52 33 39
52 34 8
52 35 16
52 36 37
52 37 3
52 38 8
52 39 18
52 40 3
52 41 30
52 42 35
52 43 25
52 44 17
52 45 27
52 46 29
52 47 36
52 48 36
52 49 8
52 50 35
52 51 8
52 53 11
52 54 33
52 55 23
52 56 24
52 57 26
53 0 6
53 1 4
53 2 15
53 3 2
53 4 14
53 5 13
53 6 9
53 7 17
53 8 13
53 9 38
53 10 31
53 11 11
53 12 17
53 13 6
53 14 41
53 15 12
53 16 10
53 17 32
53 18 30
53 19 8
53 20 8
53 21 12
53 22 15
53 23 26
53 24 39
53 25 7
53 26 10
53 27 13
53 28 13
53 29 28
53 30 3
53 31 2
53 32 12
53 33 21
53 34 20
53 35 23
53 36 2
53 37 26
53 38 20
53 39 32
53 40 29
53 41 28
53 42 38
53 43 37
53 44 13
53 45 15
53 46 8
53 47 8
53 48 34
53 49 18
53 50 28
53 51 9
53 52 20
53 54 28
53 55 12
53 56 24
53 57 2
54 0 13
54 1 6
54 2 30
54 3 34
54 4 6
54 5 23
54 6 8
54 7 30
54 8 6
54 9 12
54 10 32
54 11 16
54 12 18
54 13 19
54 14 2
54 15 28
54 16 39
54 17 24
54 18 41
54 19 20
54 20 39
54 21 36
54 22 11
54 23 41
54 24 6
54 25 15
54 26 40
54 27 36
54 28 9
54 29 14
54 30 10
54 31 37
54 32 34
54 33 16
54 34 17
54 35 11
54 36 9
54 37 2
54 38 6
54 39 18
54 40 2
54 41 35
54 42 34
54 43 3
54 44 31
54 45 17
54 46 26
54 47 5
54 48 19
54 49 26
54 50 9
54 51 41
54 52 11
54 53 15
54 55 10
54 56 3
54 57 24
55 0 2
55 1 8
55 2 4
55 3 37
55 4 9
55 5 13
55 6 5
55 7 17
55 8 3
55 9 35
55 10 30
55 11 26
55 12 7
55 13 10
55 14 36
55 15 31
55 16 20
55 17 31
55 18 41
55 19 39
55 20 26
55 21 29
55 22 20
55 23 3
55 24 31
55 25 10
55 26 26
55 27 5
55 28 6
55 29 9
55 30 37
55 31 28
55 32 10
55 33 39
55 34 16
55 35 21
55 36 33
55 37 36
55 38 13
55 39 40
55 40 19
55 41 8
55 42 13
55 43 35
55 44 2
55 45 40
55 46 31
55 47 31
55 48 35
55 49 12
55 50 36
55 51 21
55 52 10
55 53 6
55 54 6
55 56 20
55 57 20
56 0 32
56 1 33
56 2 19
56 3 37
56 4 2
56 5 10
56 6 29
56 7 19
56 8 32
56 9 12
56 10 14
56 11 34
56 12 12
56 13 17
56 14 40
56 15 13
56 16 29
56 17 13
56 18 2
56 19 22
56 20 11
56 21 22
56 22 22
56 23 21
56 24 21
56 25 32
56 26 30
56 27 29
56 28 9
56 29 38
56 30 34
56 31 12
56 32 32
56 33 11
56 34 8
56 35 9
56 36 11
56 37 14
56 38 40
56 39 39
56 40 30
56 41 3
56 42 11
56 43 24
56 44 8
56 45 22
56 46 8
56 47 21
56 48 4
56 49 2
56 50 26
56 51 17
56 52 31
56 53 16
56 54 2
56 55 14
56 57 14
57 0 11
57 1 12
57 2 23
57 3 3
57 4 24
57 5 16
57 6 12
57 7 19
57 8 11
57 9 32
57 10 12
57 11 32
57 12 5
57 13 33
57 14 21
57 15 14
57 16 18
57 17 8
57 18 7
57 19 28
57 20 6
57 21 10
57 22 22
57 23 26
57 24 40
57 25 31
57 26 14
57 27 25
57 28 6
57 29 12
57 30 25
57 31 18
57 32 24
57 33 28
57 34 4
57 35 15
57 36 9
57 37 27
57 38 8
57 39 40
57 40 39
57 41 23
57 42 19
57 43 4
57 44 28
57 45 11
57 46 7
57 47 37
57 48 21
57 49 17
57 50 19
57 51 29
57 52 31
57 53 3
57 54 21
57 55 2
57 56 2
