10 76
1 140
1 0
2 18
3 26
4 11
5 30
6 21
7 19
8 15
9 16
10 29
11 26
12 37
13 16
14 12
15 31
16 8
17 19
18 20
19 13
20 15
21 22
22 28
23 12
24 6
25 27
26 14
27 18
28 17
29 29
30 13
31 22
32 25
33 28
34 27
35 19
36 10
37 12
38 14
39 24
40 16
41 33
42 15
43 11
44 18
45 17
46 21
47 27
48 19
49 20
50 5
51 22
52 12
53 19
54 22
55 16
56 7
57 26
58 14
59 21
60 24
61 13
62 15
63 18
64 11
65 28
66 9
67 37
68 30
69 10
70 8
71 11
72 3
73 1
74 6
75 10
76 20
1 1 0.0
1 2 25.0
1 3 15.0
1 4 20.0
1 5 7.0
1 6 25.0
1 7 9.0
1 8 14.0
1 9 16.0
1 10 24.0
1 11 26.0
1 12 29.0
1 13 12.0
1 14 23.0
1 15 28.0
1 16 27.0
1 17 19.0
1 18 8.0
1 19 35.0
1 20 23.0
1 21 37.0
1 22 27.0
1 23 30.0
1 24 31.0
1 25 33.0
1 26 33.0
1 27 6.0
1 28 16.0
1 29 25.0
1 30 18.0
1 31 14.0
1 32 37.0
1 33 22.0
1 34 18.0
1 35 10.0
1 36 18.0
1 37 33.0
1 38 32.0
1 39 27.0
1 40 22.0
1 41 14.0
1 42 36.0
1 43 36.0
1 44 32.0
1 45 21.0
1 46 14.0
1 47 11.0
1 48 27.0
1 49 21.0
1 50 28.0
1 51 30.0
1 52 11.0
1 53 14.0
1 54 23.0
1 55 27.0
1 56 42.0
1 57 37.0
1 58 28.0
1 59 20.0
1 60 38.0
1 61 43.0
1 62 34.0
1 63 22.0
1 64 22.0
1 65 43.0
1 66 32.0
1 67 36.0
1 68 5.0
1 69 7.0
1 70 37.0
1 71 41.0
1 72 40.0
1 73 21.0
1 74 21.0
1 75 20.0
1 76 3.0
2 1 25.0
2 2 0.0
2 3 15.0
2 4 23.0
2 5 26.0
2 6 33.0
2 7 16.0
2 8 40.0
2 9 40.0
2 10 37.0
2 11 48.0
2 12 54.0
2 13 32.0
2 14 42.0
2 15 53.0
2 16 40.0
2 17 14.0
2 18 25.0
2 19 36.0
2 20 48.0
2 21 45.0
2 22 24.0
2 23 10.0
2 24 13.0
2 25 26.0
2 26 42.0
2 27 31.0
2 28 35.0
2 29 14.0
2 30 30.0
2 31 21.0
2 32 55.0
2 33 31.0
2 34 8.0
2 35 33.0
2 36 43.0
2 37 34.0
2 38 39.0
2 39 51.0
2 40 39.0
2 41 29.0
2 42 11.0
2 43 11.0
2 44 7.0
2 45 26.0
2 46 29.0
2 47 35.0
2 48 29.0
2 49 26.0
2 50 19.0
2 51 35.0
2 52 18.0
2 53 36.0
2 54 48.0
2 55 49.0
2 56 49.0
2 57 16.0
2 58 43.0
2 59 42.0
2 60 64.0
2 61 46.0
2 62 21.0
2 63 8.0
2 64 8.0
2 65 18.0
2 66 56.0
2 67 61.0
2 68 30.0
2 69 19.0
2 70 33.0
2 71 46.0
2 72 41.0
2 73 40.0
2 74 5.0
2 75 18.0
2 76 23.0
3 1 15.0
3 2 15.0
3 3 0.0
3 4 24.0
3 5 13.0
3 6 20.0
3 7 9.0
3 8 28.0
3 9 27.0
3 10 34.0
3 11 40.0
3 12 43.0
3 13 25.0
3 14 28.0
3 15 40.0
3 16 26.0
3 17 18.0
3 18 18.0
3 19 40.0
3 20 34.0
3 21 32.0
3 22 15.0
3 23 16.0
3 24 25.0
3 25 34.0
3 26 42.0
3 27 21.0
3 28 21.0
3 29 10.0
3 30 16.0
3 31 7.0
3 32 50.0
3 33 30.0
3 34 10.0
3 35 20.0
3 36 31.0
3 37 24.0
3 38 26.0
3 39 41.0
3 40 35.0
3 41 25.0
3 42 26.0
3 43 24.0
3 44 21.0
3 45 27.0
3 46 15.0
3 47 22.0
3 48 18.0
3 49 13.0
3 50 27.0
3 51 37.0
3 52 15.0
3 53 22.0
3 54 36.0
3 55 34.0
3 56 51.0
3 57 30.0
3 58 29.0
3 59 34.0
3 60 51.0
3 61 36.0
3 62 20.0
3 63 8.0
3 64 16.0
3 65 30.0
3 66 46.0
3 67 51.0
3 68 18.0
3 69 7.0
3 70 26.0
3 71 35.0
3 72 31.0
3 73 34.0
3 74 9.0
3 75 7.0
3 76 12.0
4 1 20.0
4 2 23.0
4 3 24.0
4 4 0.0
4 5 26.0
4 6 42.0
4 7 16.0
4 8 29.0
4 9 34.0
4 10 15.0
4 11 28.0
4 12 39.0
4 13 15.0
4 14 42.0
4 15 43.0
4 16 46.0
4 17 9.0
4 18 12.0
4 19 16.0
4 20 41.0
4 21 55.0
4 22 39.0
4 23 32.0
4 24 20.0
4 25 14.0
4 26 19.0
4 27 20.0
4 28 36.0
4 29 32.0
4 30 36.0
4 31 29.0
4 32 33.0
4 33 8.0
4 34 17.0
4 35 29.0
4 36 34.0
4 37 48.0
4 38 49.0
4 39 33.0
4 40 17.0
4 41 10.0
4 42 29.0
4 43 32.0
4 44 26.0
4 45 3.0
4 46 33.0
4 47 30.0
4 48 42.0
4 49 36.0
4 50 11.0
4 51 13.0
4 52 10.0
4 53 34.0
4 54 36.0
4 55 46.0
4 56 27.0
4 57 25.0
4 58 48.0
4 59 24.0
4 60 53.0
4 61 59.0
4 62 42.0
4 63 27.0
4 64 15.0
4 65 40.0
4 66 38.0
4 67 45.0
4 68 24.0
4 69 21.0
4 70 50.0
4 71 58.0
4 72 55.0
4 73 21.0
4 74 22.0
4 75 31.0
4 76 21.0
5 1 7.0
5 2 26.0
5 3 13.0
5 4 26.0
5 5 0.0
5 6 18.0
5 7 12.0
5 8 16.0
5 9 14.0
5 10 31.0
5 11 31.0
5 12 32.0
5 13 19.0
5 14 17.0
5 15 28.0
5 16 20.0
5 17 24.0
5 18 15.0
5 19 42.0
5 20 21.0
5 21 30.0
5 22 22.0
5 23 29.0
5 24 35.0
5 25 39.0
5 26 40.0
5 27 12.0
5 28 10.0
5 29 21.0
5 30 11.0
5 31 9.0
5 32 43.0
5 33 29.0
5 34 20.0
5 35 7.0
5 36 18.0
5 37 27.0
5 38 25.0
5 39 31.0
5 40 29.0
5 41 21.0
5 42 38.0
5 43 37.0
5 44 33.0
5 45 27.0
5 46 7.0
5 47 9.0
5 48 21.0
5 49 14.0
5 50 33.0
5 51 37.0
5 52 16.0
5 53 9.0
5 54 24.0
5 55 23.0
5 56 49.0
5 57 40.0
5 58 22.0
5 59 25.0
5 60 38.0
5 61 36.0
5 62 30.0
5 63 21.0
5 64 25.0
5 65 42.0
5 66 35.0
5 67 39.0
5 68 7.0
5 69 7.0
5 70 31.0
5 71 34.0
5 72 33.0
5 73 27.0
5 74 21.0
5 75 16.0
5 76 5.0
6 1 25.0
6 2 33.0
6 3 20.0
6 4 42.0
6 5 18.0
6 6 0.0
6 7 26.0
6 8 30.0
6 9 25.0
6 10 49.0
6 11 48.0
6 12 45.0
6 13 37.0
6 14 17.0
6 15 38.0
6 16 8.0
6 17 38.0
6 18 33.0
6 19 58.0
6 20 29.0
6 21 13.0
6 22 13.0
6 23 30.0
6 24 45.0
6 25 53.0
6 26 58.0
6 27 30.0
6 28 14.0
6 29 20.0
6 30 7.0
6 31 13.0
6 32 61.0
6 33 47.0
6 34 30.0
6 35 21.0
6 36 30.0
6 37 10.0
6 38 7.0
6 39 47.0
6 40 47.0
6 41 39.0
6 42 43.0
6 43 40.0
6 44 39.0
6 45 44.0
6 46 11.0
6 47 22.0
6 48 7.0
6 49 7.0
6 50 47.0
6 51 54.0
6 52 32.0
6 53 18.0
6 54 37.0
6 55 24.0
6 56 67.0
6 57 49.0
6 58 12.0
6 59 43.0
6 60 46.0
6 61 18.0
6 62 24.0
6 63 25.0
6 64 36.0
6 65 43.0
6 66 50.0
6 67 52.0
6 68 24.0
6 69 21.0
6 70 17.0
6 71 16.0
6 72 16.0
6 73 45.0
6 74 28.0
6 75 15.0
6 76 23.0
7 1 9.0
7 2 16.0
7 3 9.0
7 4 16.0
7 5 12.0
7 6 26.0
7 7 0.0
7 8 23.0
7 9 25.0
7 10 26.0
7 11 33.0
7 12 38.0
7 13 17.0
7 14 29.0
7 15 37.0
7 16 31.0
7 17 12.0
7 18 10.0
7 19 33.0
7 20 32.0
7 21 39.0
7 22 24.0
7 23 22.0
7 24 23.0
7 25 28.0
7 26 34.0
7 27 14.0
7 28 22.0
7 29 18.0
7 30 21.0
7 31 13.0
7 32 42.0
7 33 22.0
7 34 9.0
7 35 18.0
7 36 27.0
7 37 32.0
7 38 33.0
7 39 35.0
7 40 26.0
7 41 16.0
7 42 27.0
7 43 27.0
7 44 23.0
7 45 18.0
7 46 17.0
7 47 20.0
7 48 25.0
7 49 20.0
7 50 21.0
7 51 28.0
7 52 6.0
7 53 21.0
7 54 32.0
7 55 35.0
7 56 43.0
7 57 28.0
7 58 33.0
7 59 27.0
7 60 48.0
7 61 43.0
7 62 28.0
7 63 14.0
7 64 14.0
7 65 34.0
7 66 40.0
7 67 45.0
7 68 14.0
7 69 5.0
7 70 34.0
7 71 42.0
7 72 39.0
7 73 26.0
7 74 12.0
7 75 16.0
7 76 8.0
8 1 14.0
8 2 40.0
8 3 28.0
8 4 29.0
8 5 16.0
8 6 30.0
8 7 23.0
8 8 0.0
8 9 7.0
8 10 26.0
8 11 19.0
8 12 16.0
8 13 15.0
8 14 19.0
8 15 14.0
8 16 29.0
8 17 32.0
8 18 18.0
8 19 41.0
8 20 12.0
8 21 39.0
8 22 37.0
8 23 44.0
8 24 45.0
8 25 44.0
8 26 36.0
8 27 10.0
8 28 17.0
8 29 37.0
8 30 24.0
8 31 25.0
8 32 32.0
8 33 28.0
8 34 32.0
8 35 10.0
8 36 5.0
8 37 40.0
8 38 36.0
8 39 16.0
8 40 22.0
8 41 20.0
8 42 50.0
8 43 50.0
8 44 46.0
8 45 29.0
8 46 20.0
8 47 8.0
8 48 35.0
8 49 29.0
8 50 40.0
8 51 36.0
8 52 24.0
8 53 13.0
8 54 9.0
8 55 19.0
8 56 45.0
8 57 51.0
8 58 27.0
8 59 14.0
8 60 24.0
8 61 48.0
8 62 46.0
8 63 36.0
8 64 36.0
8 65 57.0
8 66 20.0
8 67 23.0
8 68 9.0
8 69 21.0
8 70 46.0
8 71 45.0
8 72 46.0
8 73 18.0
8 74 35.0
8 75 32.0
8 76 16.0
9 1 16.0
9 2 40.0
9 3 27.0
9 4 34.0
9 5 14.0
9 6 25.0
9 7 25.0
9 8 7.0
9 9 0.0
9 10 32.0
9 11 26.0
9 12 20.0
9 13 21.0
9 14 12.0
9 15 14.0
9 16 22.0
9 17 35.0
9 18 22.0
9 19 47.0
9 20 8.0
9 21 33.0
9 22 34.0
9 23 43.0
9 24 47.0
9 25 48.0
9 26 42.0
9 27 14.0
9 28 11.0
9 29 35.0
9 30 19.0
9 31 22.0
9 32 39.0
9 33 34.0
9 34 33.0
9 35 7.0
9 36 5.0
9 37 35.0
9 38 30.0
9 39 22.0
9 40 29.0
9 41 25.0
9 42 51.0
9 43 51.0
9 44 47.0
9 45 34.0
9 46 16.0
9 47 5.0
9 48 30.0
9 49 25.0
9 50 44.0
9 51 41.0
9 52 27.0
9 53 7.0
9 54 12.0
9 55 13.0
9 56 51.0
9 57 53.0
9 58 21.0
9 59 21.0
9 60 24.0
9 61 42.0
9 62 43.0
9 63 35.0
9 64 38.0
9 65 57.0
9 66 25.0
9 67 27.0
9 68 10.0
9 69 21.0
9 70 41.0
9 71 39.0
9 72 40.0
9 73 25.0
9 74 35.0
9 75 29.0
9 76 17.0
10 1 24.0
10 2 37.0
10 3 34.0
10 4 15.0
10 5 31.0
10 6 49.0
10 7 26.0
10 8 26.0
10 9 32.0
10 10 0.0
10 11 16.0
10 12 30.0
10 13 12.0
10 14 43.0
10 15 36.0
10 16 50.0
10 17 24.0
10 18 17.0
10 19 17.0
10 20 38.0
10 21 60.0
10 22 49.0
10 23 46.0
10 24 34.0
10 25 25.0
10 26 10.0
10 27 20.0
10 28 38.0
10 29 44.0
10 30 42.0
10 31 37.0
10 32 18.0
10 33 7.0
10 34 30.0
10 35 31.0
10 36 30.0
10 37 56.0
10 38 56.0
10 39 22.0
10 40 4.0
10 41 10.0
10 42 44.0
10 43 46.0
10 44 41.0
10 45 12.0
10 46 38.0
10 47 30.0
10 48 50.0
10 49 44.0
10 50 25.0
10 51 11.0
10 52 20.0
10 53 35.0
10 54 29.0
10 55 45.0
10 56 19.0
10 57 39.0
10 58 50.0
10 59 14.0
10 60 44.0
10 61 67.0
10 62 54.0
10 63 39.0
10 64 30.0
10 65 55.0
10 66 26.0
10 67 34.0
10 68 25.0
10 69 29.0
10 70 60.0
10 71 65.0
10 72 63.0
10 73 9.0
10 74 35.0
10 75 41.0
10 76 26.0
11 1 26.0
11 2 48.0
11 3 40.0
11 4 28.0
11 5 31.0
11 6 48.0
11 7 33.0
11 8 19.0
11 9 26.0
11 10 16.0
11 11 0.0
11 12 15.0
11 13 16.0
11 14 38.0
11 15 24.0
11 16 47.0
11 17 36.0
11 18 23.0
11 19 33.0
11 20 28.0
11 21 58.0
11 22 53.0
11 23 55.0
11 24 48.0
11 25 40.0
11 26 23.0
11 27 20.0
11 28 35.0
11 29 50.0
11 30 42.0
11 31 40.0
11 32 13.0
11 33 22.0
11 34 40.0
11 35 28.0
11 36 22.0
11 37 58.0
11 38 55.0
11 39 7.0
11 40 12.0
11 41 19.0
11 42 56.0
11 43 58.0
11 44 53.0
11 45 26.0
11 46 37.0
11 47 26.0
11 48 52.0
11 49 46.0
11 50 40.0
11 51 27.0
11 52 29.0
11 53 31.0
11 54 17.0
11 55 37.0
11 56 30.0
11 57 53.0
11 58 46.0
11 59 6.0
11 60 30.0
11 61 66.0
11 62 60.0
11 63 47.0
11 64 41.0
11 65 66.0
11 66 11.0
11 67 18.0
11 68 25.0
11 69 33.0
11 70 63.0
11 71 64.0
11 72 64.0
11 73 8.0
11 74 44.0
11 75 46.0
11 76 29.0
12 1 29.0
12 2 54.0
12 3 43.0
12 4 39.0
12 5 32.0
12 6 45.0
12 7 38.0
12 8 16.0
12 9 20.0
12 10 30.0
12 11 15.0
12 12 0.0
12 13 24.0
12 14 31.0
12 15 11.0
12 16 42.0
12 17 45.0
12 18 30.0
12 19 47.0
12 20 18.0
12 21 52.0
12 22 53.0
12 23 60.0
12 24 57.0
12 25 53.0
12 26 38.0
12 27 24.0
12 28 31.0
12 29 53.0
12 30 39.0
12 31 41.0
12 32 26.0
12 33 35.0
12 34 46.0
12 35 25.0
12 36 15.0
12 37 55.0
12 38 50.0
12 39 8.0
12 40 25.0
12 41 29.0
12 42 64.0
12 43 65.0
12 44 60.0
12 45 38.0
12 46 35.0
12 47 23.0
12 48 50.0
12 49 45.0
12 50 51.0
12 51 41.0
12 52 37.0
12 53 27.0
12 54 8.0
12 55 27.0
12 56 45.0
12 57 63.0
12 58 39.0
12 59 16.0
12 60 15.0
12 61 62.0
12 62 62.0
12 63 51.0
12 64 49.0
12 65 72.0
12 66 7.0
12 67 7.0
12 68 25.0
12 69 36.0
12 70 61.0
12 71 58.0
12 72 60.0
12 73 21.0
12 74 50.0
12 75 47.0
12 76 32.0
13 1 12.0
13 2 32.0
13 3 25.0
13 4 15.0
13 5 19.0
13 6 37.0
13 7 17.0
13 8 15.0
13 9 21.0
13 10 12.0
13 11 16.0
13 12 24.0
13 13 0.0
13 14 31.0
13 15 28.0
13 16 38.0
13 17 21.0
13 18 7.0
13 19 26.0
13 20 27.0
13 21 48.0
13 22 39.0
13 23 39.0
13 24 33.0
13 25 29.0
13 26 22.0
13 27 8.0
13 28 26.0
13 29 35.0
13 30 30.0
13 31 26.0
13 32 25.0
13 33 13.0
13 34 24.0
13 35 19.0
13 36 20.0
13 37 45.0
13 38 44.0
13 39 19.0
13 40 10.0
13 41 5.0
13 42 41.0
13 43 42.0
13 44 37.0
13 45 14.0
13 46 26.0
13 47 18.0
13 48 39.0
13 49 33.0
13 50 26.0
13 51 21.0
13 52 13.0
13 53 23.0
13 54 21.0
13 55 34.0
13 56 31.0
13 57 39.0
13 58 38.0
13 59 10.0
13 60 37.0
13 61 55.0
13 62 45.0
13 63 31.0
13 64 26.0
13 65 50.0
13 66 24.0
13 67 30.0
13 68 13.0
13 69 18.0
13 70 49.0
13 71 53.0
13 72 52.0
13 73 9.0
13 74 28.0
13 75 31.0
13 76 15.0
14 1 23.0
14 2 42.0
14 3 28.0
14 4 42.0
14 5 17.0
14 6 17.0
14 7 29.0
14 8 19.0
14 9 12.0
14 10 43.0
14 11 38.0
14 12 31.0
14 13 31.0
14 14 0.0
14 15 22.0
14 16 11.0
14 17 41.0
14 18 30.0
14 19 57.0
14 20 13.0
14 21 21.0
14 22 28.0
14 23 42.0
14 24 51.0
14 25 56.0
14 26 54.0
14 27 24.0
14 28 7.0
14 29 33.0
14 30 13.0
14 31 21.0
14 32 51.0
14 33 44.0
14 34 36.0
14 35 13.0
14 36 17.0
14 37 26.0
14 38 20.0
14 39 34.0
14 40 41.0
14 41 35.0
14 42 53.0
14 43 51.0
14 44 49.0
14 45 43.0
14 46 13.0
14 47 13.0
14 48 23.0
14 49 20.0
14 50 50.0
14 51 51.0
14 52 33.0
14 53 9.0
14 54 23.0
14 55 8.0
14 56 63.0
14 57 57.0
14 58 9.0
14 59 33.0
14 60 30.0
14 61 31.0
14 62 39.0
14 63 35.0
14 64 42.0
14 65 56.0
14 66 37.0
14 67 37.0
14 68 18.0
14 69 24.0
14 70 33.0
14 71 27.0
14 72 30.0
14 73 37.0
14 74 37.0
14 75 27.0
14 76 22.0
15 1 28.0
15 2 53.0
15 3 40.0
15 4 43.0
15 5 28.0
15 6 38.0
15 7 37.0
15 8 14.0
15 9 14.0
15 10 36.0
15 11 24.0
15 12 11.0
15 13 28.0
15 14 22.0
15 15 0.0
15 16 33.0
15 17 46.0
15 18 32.0
15 19 53.0
15 20 9.0
15 21 43.0
15 22 48.0
15 23 57.0
15 24 59.0
15 25 57.0
15 26 46.0
15 27 24.0
15 28 24.0
15 29 49.0
15 30 33.0
15 31 36.0
15 32 36.0
15 33 40.0
15 34 46.0
15 35 21.0
15 36 10.0
15 37 48.0
15 38 42.0
15 39 17.0
15 40 32.0
15 41 33.0
15 42 64.0
15 43 64.0
15 44 60.0
15 45 42.0
15 46 30.0
15 47 19.0
15 48 44.0
15 49 39.0
15 50 53.0
15 51 47.0
15 52 38.0
15 53 21.0
15 54 7.0
15 55 17.0
15 56 54.0
15 57 64.0
15 58 30.0
15 59 22.0
15 60 11.0
15 61 53.0
15 62 57.0
15 63 49.0
15 64 50.0
15 65 70.0
15 66 18.0
15 67 16.0
15 68 23.0
15 69 34.0
15 70 54.0
15 71 49.0
15 72 52.0
15 73 27.0
15 74 48.0
15 75 43.0
15 76 30.0
16 1 27.0
16 2 40.0
16 3 26.0
16 4 46.0
16 5 20.0
16 6 8.0
16 7 31.0
16 8 29.0
16 9 22.0
16 10 50.0
16 11 47.0
16 12 42.0
16 13 38.0
16 14 11.0
16 15 33.0
16 16 0.0
16 17 43.0
16 18 35.0
16 19 62.0
16 20 24.0
16 21 11.0
16 22 21.0
16 23 38.0
16 24 51.0
16 25 58.0
16 26 60.0
16 27 30.0
16 28 12.0
16 29 28.0
16 30 10.0
16 31 19.0
16 32 61.0
16 33 49.0
16 34 36.0
16 35 20.0
16 36 27.0
16 37 16.0
16 38 9.0
16 39 45.0
16 40 48.0
16 41 41.0
16 42 50.0
16 43 48.0
16 44 46.0
16 45 48.0
16 46 13.0
16 47 21.0
16 48 15.0
16 49 14.0
16 50 52.0
16 51 57.0
16 52 36.0
16 53 16.0
16 54 34.0
16 55 18.0
16 56 69.0
16 57 56.0
16 58 4.0
16 59 42.0
16 60 41.0
16 61 20.0
16 62 32.0
16 63 32.0
16 64 42.0
16 65 51.0
16 66 48.0
16 67 48.0
16 68 25.0
16 69 26.0
16 70 23.0
16 71 16.0
16 72 19.0
16 73 45.0
16 74 35.0
16 75 22.0
16 76 26.0
17 1 19.0
17 2 14.0
17 3 18.0
17 4 9.0
17 5 24.0
17 6 38.0
17 7 12.0
17 8 32.0
17 9 35.0
17 10 24.0
17 11 36.0
17 12 45.0
17 13 21.0
17 14 41.0
17 15 46.0
17 16 43.0
17 17 0.0
17 18 14.0
17 19 23.0
17 20 43.0
17 21 50.0
17 22 33.0
17 23 24.0
17 24 13.0
17 25 16.0
17 26 28.0
17 27 22.0
17 28 34.0
17 29 24.0
17 30 33.0
17 31 24.0
17 32 41.0
17 33 17.0
17 34 9.0
17 35 29.0
17 36 37.0
17 37 42.0
17 38 44.0
17 39 40.0
17 40 26.0
17 41 17.0
17 42 21.0
17 43 23.0
17 44 18.0
17 45 12.0
17 46 30.0
17 47 31.0
17 48 36.0
17 49 31.0
17 50 9.0
17 51 21.0
17 52 9.0
17 53 33.0
17 54 40.0
17 55 46.0
17 56 36.0
17 57 19.0
17 58 45.0
17 59 31.0
17 60 56.0
17 61 54.0
17 62 34.0
17 63 18.0
17 64 6.0
17 65 32.0
17 66 45.0
17 67 51.0
17 68 25.0
17 69 17.0
17 70 43.0
17 71 53.0
17 72 49.0
17 73 28.0
17 74 13.0
17 75 25.0
17 76 19.0
18 1 8.0
18 2 25.0
18 3 18.0
18 4 12.0
18 5 15.0
18 6 33.0
18 7 10.0
18 8 18.0
18 9 22.0
18 10 17.0
18 11 23.0
18 12 30.0
18 13 7.0
18 14 30.0
18 15 32.0
18 16 35.0
18 17 14.0
18 18 0.0
18 19 27.0
18 20 29.0
18 21 45.0
18 22 33.0
18 23 32.0
18 24 27.0
18 25 26.0
18 26 26.0
18 27 8.0
18 28 24.0
18 29 28.0
18 30 26.0
18 31 21.0
18 32 32.0
18 33 14.0
18 34 17.0
18 35 17.0
18 36 23.0
18 37 40.0
18 38 40.0
18 39 26.0
18 40 16.0
18 41 7.0
18 42 34.0
18 43 35.0
18 44 30.0
18 45 13.0
18 46 22.0
18 47 18.0
18 48 34.0
18 49 27.0
18 50 22.0
18 51 22.0
18 52 6.0
18 53 22.0
18 54 26.0
18 55 34.0
18 56 35.0
18 57 33.0
18 58 36.0
18 59 17.0
18 60 42.0
18 61 51.0
18 62 38.0
18 63 24.0
18 64 19.0
18 65 43.0
18 66 31.0
18 67 37.0
18 68 12.0
18 69 12.0
18 70 43.0
18 71 49.0
18 72 47.0
18 73 16.0
18 74 21.0
18 75 25.0
18 76 10.0
19 1 35.0
19 2 36.0
19 3 40.0
19 4 16.0
19 5 42.0
19 6 58.0
19 7 33.0
19 8 41.0
19 9 47.0
19 10 17.0
19 11 33.0
19 12 47.0
19 13 26.0
19 14 57.0
19 15 53.0
19 16 62.0
19 17 23.0
19 18 27.0
19 19 0.0
19 20 54.0
19 21 71.0
19 22 55.0
19 23 46.0
19 24 28.0
19 25 13.0
19 26 11.0
19 27 34.0
19 28 51.0
19 29 48.0
19 30 52.0
19 31 45.0
19 32 30.0
19 33 13.0
19 34 32.0
19 35 44.0
19 36 46.0
19 37 64.0
19 38 65.0
19 39 39.0
19 40 21.0
19 41 22.0
19 42 39.0
19 43 42.0
19 44 38.0
19 45 14.0
19 46 49.0
19 47 44.0
19 48 58.0
19 49 52.0
19 50 18.0
19 51 6.0
19 52 26.0
19 53 48.0
19 54 46.0
19 55 60.0
19 56 14.0
19 57 31.0
19 58 63.0
19 59 31.0
19 60 62.0
19 61 76.0
19 62 57.0
19 63 42.0
19 64 28.0
19 65 51.0
19 66 43.0
19 67 51.0
19 68 39.0
19 69 37.0
19 70 66.0
19 71 75.0
19 72 71.0
19 73 26.0
19 74 37.0
19 75 48.0
19 76 36.0
20 1 23.0
20 2 48.0
20 3 34.0
20 4 41.0
20 5 21.0
20 6 29.0
20 7 32.0
20 8 12.0
20 9 8.0
20 10 38.0
20 11 28.0
20 12 18.0
20 13 27.0
20 14 13.0
20 15 9.0
20 16 24.0
20 17 43.0
20 18 29.0
20 19 54.0
20 20 0.0
20 21 34.0
20 22 39.0
20 23 50.0
20 24 55.0
20 25 55.0
20 26 48.0
20 27 21.0
20 28 16.0
20 29 42.0
20 30 24.0
20 31 29.0
20 32 42.0
20 33 40.0
20 34 41.0
20 35 14.0
20 36 7.0
20 37 39.0
20 38 33.0
20 39 23.0
20 40 34.0
20 41 32.0
20 42 59.0
20 43 58.0
20 44 54.0
20 45 41.0
20 46 22.0
20 47 13.0
20 48 35.0
20 49 30.0
20 50 51.0
20 51 48.0
20 52 34.0
20 53 13.0
20 54 11.0
20 55 9.0
20 56 56.0
20 57 61.0
20 58 21.0
20 59 25.0
20 60 18.0
20 61 44.0
20 62 49.0
20 63 43.0
20 64 46.0
20 65 64.0
20 66 25.0
20 67 25.0
20 68 18.0
20 69 28.0
20 70 46.0
20 71 40.0
20 72 43.0
20 73 30.0
20 74 42.0
20 75 36.0
20 76 25.0
21 1 37.0
21 2 45.0
21 3 32.0
21 4 55.0
21 5 30.0
21 6 13.0
21 7 39.0
21 8 39.0
21 9 33.0
21 10 60.0
21 11 58.0
21 12 52.0
21 13 48.0
21 14 21.0
21 15 43.0
21 16 11.0
21 17 50.0
21 18 45.0
21 19 71.0
21 20 34.0
21 21 0.0
21 22 22.0
21 23 40.0
21 24 57.0
21 25 66.0
21 26 70.0
21 27 41.0
21 28 23.0
21 29 31.0
21 30 18.0
21 31 26.0
21 32 71.0
21 33 59.0
21 34 43.0
21 35 31.0
21 36 38.0
21 37 13.0
21 38 6.0
21 39 55.0
21 40 58.0
21 41 51.0
21 42 54.0
21 43 51.0
21 44 50.0
21 45 56.0
21 46 23.0
21 47 32.0
21 48 16.0
21 49 19.0
21 50 59.0
21 51 66.0
21 52 45.0
21 53 27.0
21 54 44.0
21 55 27.0
21 56 79.0
21 57 61.0
21 58 13.0
21 59 53.0
21 60 50.0
21 61 10.0
21 62 31.0
21 63 36.0
21 64 49.0
21 65 52.0
21 66 58.0
21 67 59.0
21 68 35.0
21 69 34.0
21 70 19.0
21 71 6.0
21 72 11.0
21 73 55.0
21 74 40.0
21 75 27.0
21 76 35.0
22 1 27.0
22 2 24.0
22 3 15.0
22 4 39.0
22 5 22.0
22 6 13.0
22 7 24.0
22 8 37.0
22 9 34.0
22 10 49.0
22 11 53.0
22 12 53.0
22 13 39.0
22 14 28.0
22 15 48.0
22 16 21.0
22 17 33.0
22 18 33.0
22 19 55.0
22 20 39.0
22 21 22.0
22 22 0.0
22 23 18.0
22 24 36.0
22 25 48.0
22 26 58.0
22 27 33.0
22 28 24.0
22 29 9.0
22 30 15.0
22 31 13.0
22 32 64.0
22 33 46.0
22 34 24.0
22 35 28.0
22 36 39.0
22 37 10.0
22 38 16.0
22 39 53.0
22 40 49.0
22 41 40.0
22 42 32.0
22 43 29.0
22 44 29.0
22 45 42.0
22 46 18.0
22 47 30.0
22 48 6.0
22 49 9.0
22 50 41.0
22 51 52.0
22 52 30.0
22 53 27.0
22 54 45.0
22 55 36.0
22 56 66.0
22 57 40.0
22 58 25.0
22 59 47.0
22 60 57.0
22 61 22.0
22 62 11.0
22 63 16.0
22 64 29.0
22 65 30.0
22 66 57.0
22 67 60.0
22 68 29.0
22 69 21.0
22 70 11.0
22 71 23.0
22 72 17.0
22 73 48.0
22 74 20.0
22 75 8.0
22 76 24.0
23 1 30.0
23 2 10.0
23 3 16.0
23 4 32.0
23 5 29.0
23 6 30.0
23 7 22.0
23 8 44.0
23 9 43.0
23 10 46.0
23 11 55.0
23 12 60.0
23 13 39.0
23 14 42.0
23 15 57.0
23 16 38.0
23 17 24.0
23 18 32.0
23 19 46.0
23 20 50.0
23 21 40.0
23 22 18.0
23 23 0.0
23 24 21.0
23 25 36.0
23 26 52.0
23 27 36.0
23 28 36.0
23 29 9.0
23 30 29.0
23 31 21.0
23 32 63.0
23 33 40.0
23 34 16.0
23 35 36.0
23 36 47.0
23 37 28.0
23 38 34.0
23 39 57.0
23 40 47.0
23 41 37.0
23 42 15.0
23 43 11.0
23 44 12.0
23 45 35.0
23 46 29.0
23 47 38.0
23 48 24.0
23 49 23.0
23 50 29.0
23 51 44.0
23 52 26.0
23 53 38.0
23 54 53.0
23 55 50.0
23 56 59.0
23 57 23.0
23 58 41.0
23 59 49.0
23 60 67.0
23 61 39.0
23 62 12.0
23 63 8.0
23 64 18.0
23 65 14.0
23 66 62.0
23 67 67.0
23 68 35.0
23 69 23.0
23 70 26.0
23 71 40.0
23 72 34.0
23 73 48.0
23 74 11.0
23 75 16.0
23 76 28.0
24 1 31.0
24 2 13.0
24 3 25.0
24 4 20.0
24 5 35.0
24 6 45.0
24 7 23.0
24 8 45.0
24 9 47.0
24 10 34.0
24 11 48.0
24 12 57.0
24 13 33.0
24 14 51.0
24 15 59.0
24 16 51.0
24 17 13.0
24 18 27.0
24 19 28.0
24 20 55.0
24 21 57.0
24 22 36.0
24 23 21.0
24 24 0.0
24 25 16.0
24 26 36.0
24 27 35.0
24 28 44.0
24 29 27.0
24 30 41.0
24 31 32.0
24 32 52.0
24 33 27.0
24 34 15.0
24 35 41.0
24 36 49.0
24 37 47.0
24 38 51.0
24 39 52.0
24 40 37.0
24 41 29.0
24 42 11.0
24 43 15.0
24 44 10.0
24 45 22.0
24 46 39.0
24 47 42.0
24 48 41.0
24 49 38.0
24 50 10.0
24 51 28.0
24 52 21.0
24 53 44.0
24 54 53.0
24 55 57.0
24 56 42.0
24 57 6.0
24 58 54.0
24 59 43.0
24 60 69.0
24 61 58.0
24 62 33.0
24 63 21.0
24 64 9.0
24 65 23.0
24 66 57.0
24 67 64.0
24 68 37.0
24 69 27.0
24 70 46.0
24 71 59.0
24 72 53.0
24 73 40.0
24 74 16.0
24 75 30.0
24 76 30.0
25 1 33.0
25 2 26.0
25 3 34.0
25 4 14.0
25 5 39.0
25 6 53.0
25 7 28.0
25 8 44.0
25 9 48.0
25 10 25.0
25 11 40.0
25 12 53.0
25 13 29.0
25 14 56.0
25 15 57.0
25 16 58.0
25 17 16.0
25 18 26.0
25 19 13.0
25 20 55.0
25 21 66.0
25 22 48.0
25 23 36.0
25 24 16.0
25 25 0.0
25 26 23.0
25 27 34.0
25 28 49.0
25 29 39.0
25 30 48.0
25 31 40.0
25 32 41.0
25 33 18.0
25 34 24.0
25 35 43.0
25 36 49.0
25 37 57.0
25 38 60.0
25 39 46.0
25 40 29.0
25 41 24.0
25 42 26.0
25 43 30.0
25 44 26.0
25 45 15.0
25 46 45.0
25 47 44.0
25 48 51.0
25 49 47.0
25 50 7.0
25 51 15.0
25 52 22.0
25 53 47.0
25 54 50.0
25 55 60.0
25 56 27.0
25 57 18.0
25 58 60.0
25 59 37.0
25 60 66.0
25 61 69.0
25 62 47.0
25 63 33.0
25 64 18.0
25 65 39.0
25 66 51.0
25 67 58.0
25 68 38.0
25 69 33.0
25 70 58.0
25 71 69.0
25 72 64.0
25 73 33.0
25 74 28.0
25 75 40.0
25 76 34.0
26 1 33.0
26 2 42.0
26 3 42.0
26 4 19.0
26 5 40.0
26 6 58.0
26 7 34.0
26 8 36.0
26 9 42.0
26 10 10.0
26 11 23.0
26 12 38.0
26 13 22.0
26 14 54.0
26 15 46.0
26 16 60.0
26 17 28.0
26 18 26.0
26 19 11.0
26 20 48.0
26 21 70.0
26 22 58.0
26 23 52.0
26 24 36.0
26 25 23.0
26 26 0.0
26 27 30.0
26 28 48.0
26 29 51.0
26 30 52.0
26 31 46.0
26 32 18.0
26 33 12.0
26 34 36.0
26 35 41.0
26 36 40.0
26 37 65.0
26 38 65.0
26 39 30.0
26 40 14.0
26 41 19.0
26 42 47.0
26 43 50.0
26 44 45.0
26 45 16.0
26 46 47.0
26 47 40.0
26 48 59.0
26 49 53.0
26 50 26.0
26 51 8.0
26 52 28.0
26 53 45.0
26 54 39.0
26 55 55.0
26 56 9.0
26 57 41.0
26 58 61.0
26 59 23.0
26 60 53.0
26 61 76.0
26 62 61.0
26 63 46.0
26 64 34.0
26 65 59.0
26 66 34.0
26 67 41.0
26 68 36.0
26 69 37.0
26 70 68.0
26 71 74.0
26 72 72.0
26 73 18.0
26 74 41.0
26 75 50.0
26 76 35.0
27 1 6.0
27 2 31.0
27 3 21.0
27 4 20.0
27 5 12.0
27 6 30.0
27 7 14.0
27 8 10.0
27 9 14.0
27 10 20.0
27 11 20.0
27 12 24.0
27 13 8.0
27 14 24.0
27 15 24.0
27 16 30.0
27 17 22.0
27 18 8.0
27 19 34.0
27 20 21.0
27 21 41.0
27 22 33.0
27 23 36.0
27 24 35.0
27 25 34.0
27 26 30.0
27 27 0.0
27 28 18.0
27 29 31.0
27 30 23.0
27 31 20.0
27 32 32.0
27 33 20.0
27 34 23.0
27 35 11.0
27 36 15.0
27 37 38.0
27 38 36.0
27 39 21.0
27 40 18.0
27 41 12.0
27 42 41.0
27 43 41.0
27 44 37.0
27 45 20.0
27 46 18.0
27 47 11.0
27 48 32.0
27 49 26.0
27 50 30.0
27 51 28.0
27 52 14.0
27 53 15.0
27 54 18.0
27 55 26.0
27 56 39.0
27 57 41.0
27 58 31.0
27 59 14.0
27 60 34.0
27 61 48.0
27 62 40.0
27 63 28.0
27 64 26.0
27 65 49.0
27 66 26.0
27 67 31.0
27 68 6.0
27 69 13.0
27 70 43.0
27 71 45.0
27 72 45.0
27 73 15.0
27 74 26.0
27 75 26.0
27 76 9.0
28 1 16.0
28 2 35.0
28 3 21.0
28 4 36.0
28 5 10.0
28 6 14.0
28 7 22.0
28 8 17.0
28 9 11.0
28 10 38.0
28 11 35.0
28 12 31.0
28 13 26.0
28 14 7.0
28 15 24.0
28 16 12.0
28 17 34.0
28 18 24.0
28 19 51.0
28 20 16.0
28 21 23.0
28 22 24.0
28 23 36.0
28 24 44.0
28 25 49.0
28 26 48.0
28 27 18.0
28 28 0.0
28 29 27.0
28 30 9.0
28 31 14.0
28 32 48.0
28 33 38.0
28 34 29.0
28 35 8.0
28 36 16.0
28 37 24.0
28 38 20.0
28 39 33.0
28 40 36.0
28 41 30.0
28 42 46.0
28 43 45.0
28 44 42.0
28 45 37.0
28 46 6.0
28 47 9.0
28 48 20.0
28 49 15.0
28 50 43.0
28 51 46.0
28 52 26.0
28 53 4.0
28 54 23.0
28 55 14.0
28 56 58.0
28 57 50.0
28 58 12.0
28 59 30.0
28 60 34.0
28 61 31.0
28 62 34.0
28 63 29.0
28 64 35.0
28 65 49.0
28 66 36.0
28 67 38.0
28 68 13.0
28 69 17.0
28 70 30.0
28 71 28.0
28 72 29.0
28 73 33.0
28 74 30.0
28 75 21.0
28 76 15.0
29 1 25.0
29 2 14.0
29 3 10.0
29 4 32.0
29 5 21.0
29 6 20.0
29 7 18.0
29 8 37.0
29 9 35.0
29 10 44.0
29 11 50.0
29 12 53.0
29 13 35.0
29 14 33.0
29 15 49.0
29 16 28.0
29 17 24.0
29 18 28.0
29 19 48.0
29 20 42.0
29 21 31.0
29 22 9.0
29 23 9.0
29 24 27.0
29 25 39.0
29 26 51.0
29 27 31.0
29 28 27.0
29 29 0.0
29 30 20.0
29 31 13.0
29 32 60.0
29 33 39.0
29 34 16.0
29 35 28.0
29 36 39.0
29 37 20.0
29 38 25.0
29 39 51.0
29 40 44.0
29 41 34.0
29 42 23.0
29 43 20.0
29 44 19.0
29 45 35.0
29 46 21.0
29 47 31.0
29 48 15.0
29 49 14.0
29 50 32.0
29 51 45.0
29 52 24.0
29 53 29.0
29 54 46.0
29 55 41.0
29 56 60.0
29 57 30.0
29 58 32.0
29 59 44.0
29 60 59.0
29 61 31.0
29 62 10.0
29 63 6.0
29 64 21.0
29 65 23.0
29 66 56.0
29 67 60.0
29 68 28.0
29 69 17.0
29 70 19.0
29 71 32.0
29 72 26.0
29 73 44.0
29 74 11.0
29 75 6.0
29 76 22.0
30 1 18.0
30 2 30.0
30 3 16.0
30 4 36.0
30 5 11.0
30 6 7.0
30 7 21.0
30 8 24.0
30 9 19.0
30 10 42.0
30 11 42.0
30 12 39.0
30 13 30.0
30 14 13.0
30 15 33.0
30 16 10.0
30 17 33.0
30 18 26.0
30 19 52.0
30 20 24.0
30 21 18.0
30 22 15.0
30 23 29.0
30 24 41.0
30 25 48.0
30 26 52.0
30 27 23.0
30 28 9.0
30 29 20.0
30 30 0.0
30 31 9.0
30 32 54.0
30 33 40.0
30 34 26.0
30 35 14.0
30 36 24.0
30 37 16.0
30 38 14.0
30 39 40.0
30 40 40.0
30 41 33.0
30 42 41.0
30 43 39.0
30 44 37.0
30 45 38.0
30 46 4.0
30 47 16.0
30 48 11.0
30 49 6.0
30 50 42.0
30 51 48.0
30 52 26.0
30 53 12.0
30 54 31.0
30 55 21.0
30 56 61.0
30 57 46.0
30 58 13.0
30 59 36.0
30 60 42.0
30 61 25.0
30 62 26.0
30 63 23.0
30 64 32.0
30 65 43.0
30 66 44.0
30 67 46.0
30 68 17.0
30 69 16.0
30 70 22.0
30 71 23.0
30 72 22.0
30 73 38.0
30 74 25.0
30 75 13.0
30 76 16.0
31 1 14.0
31 2 21.0
31 3 7.0
31 4 29.0
31 5 9.0
31 6 13.0
31 7 13.0
31 8 25.0
31 9 22.0
31 10 37.0
31 11 40.0
31 12 41.0
31 13 26.0
31 14 21.0
31 15 36.0
31 16 19.0
31 17 24.0
31 18 21.0
31 19 45.0
31 20 29.0
31 21 26.0
31 22 13.0
31 23 21.0
31 24 32.0
31 25 40.0
31 26 46.0
31 27 20.0
31 28 14.0
31 29 13.0
31 30 9.0
31 31 0.0
31 32 51.0
31 33 34.0
31 34 17.0
31 35 16.0
31 36 27.0
31 37 19.0
31 38 20.0
31 39 40.0
31 40 36.0
31 41 27.0
31 42 32.0
31 43 30.0
31 44 28.0
31 45 31.0
31 46 8.0
31 47 18.0
31 48 13.0
31 49 7.0
31 50 33.0
31 51 41.0
31 52 19.0
31 53 16.0
31 54 33.0
31 55 28.0
31 56 55.0
31 57 37.0
31 58 22.0
31 59 34.0
31 60 47.0
31 61 30.0
31 62 21.0
31 63 14.0
31 64 23.0
31 65 35.0
31 66 45.0
31 67 48.0
31 68 16.0
31 69 9.0
31 70 23.0
31 71 29.0
31 72 26.0
31 73 35.0
31 74 16.0
31 75 7.0
31 76 11.0
32 1 37.0
32 2 55.0
32 3 50.0
32 4 33.0
32 5 43.0
32 6 61.0
32 7 42.0
32 8 32.0
32 9 39.0
32 10 18.0
32 11 13.0
32 12 26.0
32 13 25.0
32 14 51.0
32 15 36.0
32 16 61.0
32 17 41.0
32 18 32.0
32 19 30.0
32 20 42.0
32 21 71.0
32 22 64.0
32 23 63.0
32 24 52.0
32 25 41.0
32 26 18.0
32 27 32.0
32 28 48.0
32 29 60.0
32 30 54.0
32 31 51.0
32 32 0.0
32 33 25.0
32 34 47.0
32 35 41.0
32 36 35.0
32 37 70.0
32 38 68.0
32 39 19.0
32 40 16.0
32 41 26.0
32 42 62.0
32 43 64.0
32 44 59.0
32 45 30.0
32 46 50.0
32 47 39.0
32 48 64.0
32 49 58.0
32 50 42.0
32 51 26.0
32 52 37.0
32 53 44.0
32 54 31.0
32 55 50.0
32 56 22.0
32 57 57.0
32 58 60.0
32 59 18.0
32 60 41.0
32 61 79.0
32 62 70.0
32 63 56.0
32 64 47.0
32 65 73.0
32 66 20.0
32 67 26.0
32 68 37.0
32 69 44.0
32 70 74.0
32 71 76.0
32 72 76.0
32 73 16.0
32 74 52.0
32 75 57.0
32 76 40.0
33 1 22.0
33 2 31.0
33 3 30.0
33 4 8.0
33 5 29.0
33 6 47.0
33 7 22.0
33 8 28.0
33 9 34.0
33 10 7.0
33 11 22.0
33 12 35.0
33 13 13.0
33 14 44.0
33 15 40.0
33 16 49.0
33 17 17.0
33 18 14.0
33 19 13.0
33 20 40.0
33 21 59.0
33 22 46.0
33 23 40.0
33 24 27.0
33 25 18.0
33 26 12.0
33 27 20.0
33 28 38.0
33 29 39.0
33 30 40.0
33 31 34.0
33 32 25.0
33 33 0.0
33 34 24.0
33 35 31.0
33 36 33.0
33 37 54.0
33 38 54.0
33 39 28.0
33 40 11.0
33 41 9.0
33 42 37.0
33 43 40.0
33 44 35.0
33 45 5.0
33 46 36.0
33 47 31.0
33 48 47.0
33 49 41.0
33 50 18.0
33 51 8.0
33 52 16.0
33 53 35.0
33 54 33.0
33 55 47.0
33 56 21.0
33 57 32.0
33 58 50.0
33 59 19.0
33 60 49.0
33 61 65.0
33 62 49.0
33 63 34.0
33 64 23.0
33 65 49.0
33 66 33.0
33 67 40.0
33 68 25.0
33 69 26.0
33 70 56.0
33 71 63.0
33 72 61.0
33 73 15.0
33 74 29.0
33 75 38.0
33 76 24.0
34 1 18.0
34 2 8.0
34 3 10.0
34 4 17.0
34 5 20.0
34 6 30.0
34 7 9.0
34 8 32.0
34 9 33.0
34 10 30.0
34 11 40.0
34 12 46.0
34 13 24.0
34 14 36.0
34 15 46.0
34 16 36.0
34 17 9.0
34 18 17.0
34 19 32.0
34 20 41.0
34 21 43.0
34 22 24.0
34 23 16.0
34 24 15.0
34 25 24.0
34 26 36.0
34 27 23.0
34 28 29.0
34 29 16.0
34 30 26.0
34 31 17.0
34 32 47.0
34 33 24.0
34 34 0.0
34 35 26.0
34 36 36.0
34 37 34.0
34 38 37.0
34 39 43.0
34 40 31.0
34 41 21.0
34 42 18.0
34 43 19.0
34 44 14.0
34 45 20.0
34 46 24.0
34 47 28.0
34 48 28.0
34 49 23.0
34 50 17.0
34 51 29.0
34 52 10.0
34 53 29.0
34 54 40.0
34 55 43.0
34 56 44.0
34 57 20.0
34 58 39.0
34 59 34.0
34 60 56.0
34 61 45.0
34 62 25.0
34 63 10.0
34 64 6.0
34 65 26.0
34 66 48.0
34 67 53.0
34 68 23.0
34 69 13.0
34 70 35.0
34 71 45.0
34 72 41.0
34 73 32.0
34 74 5.0
34 75 17.0
34 76 16.0
35 1 10.0
35 2 33.0
35 3 20.0
35 4 29.0
35 5 7.0
35 6 21.0
35 7 18.0
35 8 10.0
35 9 7.0
35 10 31.0
35 11 28.0
35 12 25.0
35 13 19.0
35 14 13.0
35 15 21.0
35 16 20.0
35 17 29.0
35 18 17.0
35 19 44.0
35 20 14.0
35 21 31.0
35 22 28.0
35 23 36.0
35 24 41.0
35 25 43.0
35 26 41.0
35 27 11.0
35 28 8.0
35 29 28.0
35 30 14.0
35 31 16.0
35 32 41.0
35 33 31.0
35 34 26.0
35 35 0.0
35 36 11.0
35 37 30.0
35 38 27.0
35 39 26.0
35 40 28.0
35 41 22.0
35 42 44.0
35 43 44.0
35 44 40.0
35 45 30.0
35 46 10.0
35 47 2.0
35 48 25.0
35 49 19.0
35 50 38.0
35 51 38.0
35 52 21.0
35 53 4.0
35 54 18.0
35 55 17.0
35 56 50.0
35 57 46.0
35 58 20.0
35 59 22.0
35 60 31.0
35 61 39.0
35 62 37.0
35 63 28.0
35 64 32.0
35 65 49.0
35 66 30.0
35 67 33.0
35 68 5.0
35 69 14.0
35 70 36.0
35 71 36.0
35 72 36.0
35 73 25.0
35 74 28.0
35 75 22.0
35 76 10.0
36 1 18.0
36 2 43.0
36 3 31.0
36 4 34.0
36 5 18.0
36 6 30.0
36 7 27.0
36 8 5.0
36 9 5.0
36 10 30.0
36 11 22.0
36 12 15.0
36 13 20.0
36 14 17.0
36 15 10.0
36 16 27.0
36 17 37.0
36 18 23.0
36 19 46.0
36 20 7.0
36 21 38.0
36 22 39.0
36 23 47.0
36 24 49.0
36 25 49.0
36 26 40.0
36 27 15.0
36 28 16.0
36 29 39.0
36 30 24.0
36 31 27.0
36 32 35.0
36 33 33.0
36 34 36.0
36 35 11.0
36 36 0.0
36 37 40.0
36 38 35.0
36 39 18.0
36 40 27.0
36 41 25.0
36 42 54.0
36 43 54.0
36 44 50.0
36 45 34.0
36 46 21.0
36 47 9.0
36 48 35.0
36 49 30.0
36 50 45.0
36 51 40.0
36 52 28.0
36 53 12.0
36 54 7.0
36 55 15.0
36 56 49.0
36 57 55.0
36 58 25.0
36 59 18.0
36 60 21.0
36 61 47.0
36 62 48.0
36 63 39.0
36 64 40.0
36 65 60.0
36 66 21.0
36 67 22.0
36 68 13.0
36 69 24.0
36 70 46.0
36 71 43.0
36 72 45.0
36 73 22.0
36 74 38.0
36 75 34.0
36 76 20.0
37 1 33.0
37 2 34.0
37 3 24.0
37 4 48.0
37 5 27.0
37 6 10.0
37 7 32.0
37 8 40.0
37 9 35.0
37 10 56.0
37 11 58.0
37 12 55.0
37 13 45.0
37 14 26.0
37 15 48.0
37 16 16.0
37 17 42.0
37 18 40.0
37 19 64.0
37 20 39.0
37 21 13.0
37 22 10.0
37 23 28.0
37 24 47.0
37 25 57.0
37 26 65.0
37 27 38.0
37 28 24.0
37 29 20.0
37 30 16.0
37 31 19.0
37 32 70.0
37 33 54.0
37 34 34.0
37 35 30.0
37 36 40.0
37 37 0.0
37 38 8.0
37 39 56.0
37 40 55.0
37 41 47.0
37 42 43.0
37 43 39.0
37 44 39.0
37 45 50.0
37 46 20.0
37 47 32.0
37 48 6.0
37 49 13.0
37 50 50.0
37 51 60.0
37 52 38.0
37 53 28.0
37 54 47.0
37 55 34.0
37 56 74.0
37 57 50.0
37 58 20.0
37 59 52.0
37 60 56.0
37 61 12.0
37 62 18.0
37 63 26.0
37 64 39.0
37 65 39.0
37 66 60.0
37 67 62.0
37 68 33.0
37 69 28.0
37 70 7.0
37 71 12.0
37 72 7.0
37 73 53.0
37 74 30.0
37 75 17.0
37 76 30.0
38 1 32.0
38 2 39.0
38 3 26.0
38 4 49.0
38 5 25.0
38 6 7.0
38 7 33.0
38 8 36.0
38 9 30.0
38 10 56.0
38 11 55.0
38 12 50.0
38 13 44.0
38 14 20.0
38 15 42.0
38 16 9.0
38 17 44.0
38 18 40.0
38 19 65.0
38 20 33.0
38 21 6.0
38 22 16.0
38 23 34.0
38 24 51.0
38 25 60.0
38 26 65.0
38 27 36.0
38 28 20.0
38 29 25.0
38 30 14.0
38 31 20.0
38 32 68.0
38 33 54.0
38 34 37.0
38 35 27.0
38 36 35.0
38 37 8.0
38 38 0.0
38 39 53.0
38 40 54.0
38 41 46.0
38 42 48.0
38 43 45.0
38 44 44.0
38 45 51.0
38 46 18.0
38 47 28.0
38 48 10.0
38 49 13.0
38 50 53.0
38 51 61.0
38 52 39.0
38 53 24.0
38 54 42.0
38 55 27.0
38 56 74.0
38 57 55.0
38 58 13.0
38 59 49.0
38 60 50.0
38 61 12.0
38 62 26.0
38 63 30.0
38 64 43.0
38 65 46.0
38 66 56.0
38 67 57.0
38 68 31.0
38 69 28.0
38 70 15.0
38 71 9.0
38 72 10.0
38 73 51.0
38 74 34.0
38 75 21.0
38 76 30.0
39 1 27.0
39 2 51.0
39 3 41.0
39 4 33.0
39 5 31.0
39 6 47.0
39 7 35.0
39 8 16.0
39 9 22.0
39 10 22.0
39 11 7.0
39 12 8.0
39 13 19.0
39 14 34.0
39 15 17.0
39 16 45.0
39 17 40.0
39 18 26.0
39 19 39.0
39 20 23.0
39 21 55.0
39 22 53.0
39 23 57.0
39 24 52.0
39 25 46.0
39 26 30.0
39 27 21.0
39 28 33.0
39 29 51.0
39 30 40.0
39 31 40.0
39 32 19.0
39 33 28.0
39 34 43.0
39 35 26.0
39 36 18.0
39 37 56.0
39 38 53.0
39 39 0.0
39 40 18.0
39 41 23.0
39 42 60.0
39 43 61.0
39 44 56.0
39 45 32.0
39 46 36.0
39 47 24.0
39 48 51.0
39 49 45.0
39 50 45.0
39 51 34.0
39 52 32.0
39 53 29.0
39 54 12.0
39 55 32.0
39 56 37.0
39 57 58.0
39 58 43.0
39 59 9.0
39 60 23.0
39 61 64.0
39 62 61.0
39 63 49.0
39 64 45.0
39 65 69.0
39 66 5.0
39 67 12.0
39 68 24.0
39 69 34.0
39 70 62.0
39 71 61.0
39 72 62.0
39 73 13.0
39 74 47.0
39 75 47.0
39 76 30.0
40 1 22.0
40 2 39.0
40 3 35.0
40 4 17.0
40 5 29.0
40 6 47.0
40 7 26.0
40 8 22.0
40 9 29.0
40 10 4.0
40 11 12.0
40 12 25.0
40 13 10.0
40 14 41.0
40 15 32.0
40 16 48.0
40 17 26.0
40 18 16.0
40 19 21.0
40 20 34.0
40 21 58.0
40 22 49.0
40 23 47.0
40 24 37.0
40 25 29.0
40 26 14.0
40 27 18.0
40 28 36.0
40 29 44.0
40 30 40.0
40 31 36.0
40 32 16.0
40 33 11.0
40 34 31.0
40 35 28.0
40 36 27.0
40 37 55.0
40 38 54.0
40 39 18.0
40 40 0.0
40 41 10.0
40 42 47.0
40 43 48.0
40 44 43.0
40 45 15.0
40 46 36.0
40 47 28.0
40 48 49.0
40 49 43.0
40 50 28.0
40 51 16.0
40 52 21.0
40 53 33.0
40 54 25.0
40 55 42.0
40 56 22.0
40 57 42.0
40 58 48.0
40 59 10.0
40 60 40.0
40 61 66.0
40 62 54.0
40 63 40.0
40 64 32.0
40 65 57.0
40 66 22.0
40 67 30.0
40 68 23.0
40 69 28.0
40 70 59.0
40 71 63.0
40 72 62.0
40 73 5.0
40 74 36.0
40 75 41.0
40 76 25.0
41 1 14.0
41 2 29.0
41 3 25.0
41 4 10.0
41 5 21.0
41 6 39.0
41 7 16.0
41 8 20.0
41 9 25.0
41 10 10.0
41 11 19.0
41 12 29.0
41 13 5.0
41 14 35.0
41 15 33.0
41 16 41.0
41 17 17.0
41 18 7.0
41 19 22.0
41 20 32.0
41 21 51.0
41 22 40.0
41 23 37.0
41 24 29.0
41 25 24.0
41 26 19.0
41 27 12.0
41 28 30.0
41 29 34.0
41 30 33.0
41 31 27.0
41 32 26.0
41 33 9.0
41 34 21.0
41 35 22.0
41 36 25.0
41 37 47.0
41 38 46.0
41 39 23.0
41 40 10.0
41 41 0.0
41 42 38.0
41 43 39.0
41 44 34.0
41 45 9.0
41 46 28.0
41 47 22.0
41 48 40.0
41 49 34.0
41 50 22.0
41 51 16.0
41 52 11.0
41 53 27.0
41 54 26.0
41 55 38.0
41 56 28.0
41 57 35.0
41 58 42.0
41 59 14.0
41 60 42.0
41 61 57.0
41 62 44.0
41 63 30.0
41 64 22.0
41 65 47.0
41 66 28.0
41 67 35.0
41 68 17.0
41 69 19.0
41 70 50.0
41 71 55.0
41 72 54.0
41 73 11.0
41 74 26.0
41 75 32.0
41 76 16.0
42 1 36.0
42 2 11.0
42 3 26.0
42 4 29.0
42 5 38.0
42 6 43.0
42 7 27.0
42 8 50.0
42 9 51.0
42 10 44.0
42 11 56.0
42 12 64.0
42 13 41.0
42 14 53.0
42 15 64.0
42 16 50.0
42 17 21.0
42 18 34.0
42 19 39.0
42 20 59.0
42 21 54.0
42 22 32.0
42 23 15.0
42 24 11.0
42 25 26.0
42 26 47.0
42 27 41.0
42 28 46.0
42 29 23.0
42 30 41.0
42 31 32.0
42 32 62.0
42 33 37.0
42 34 18.0
42 35 44.0
42 36 54.0
42 37 43.0
42 38 48.0
42 39 60.0
42 40 47.0
42 41 38.0
42 42 0.0
42 43 4.0
42 44 4.0
42 45 32.0
42 46 40.0
42 47 46.0
42 48 38.0
42 49 36.0
42 50 21.0
42 51 39.0
42 52 28.0
42 53 47.0
42 54 59.0
42 55 60.0
42 56 53.0
42 57 10.0
42 58 54.0
42 59 51.0
42 60 75.0
42 61 54.0
42 62 26.0
42 63 18.0
42 64 15.0
42 65 12.0
42 66 65.0
42 67 71.0
42 68 41.0
42 69 31.0
42 70 40.0
42 71 55.0
42 72 49.0
42 73 49.0
42 74 17.0
42 75 28.0
42 76 34.0
43 1 36.0
43 2 11.0
43 3 24.0
43 4 32.0
43 5 37.0
43 6 40.0
43 7 27.0
43 8 50.0
43 9 51.0
43 10 46.0
43 11 58.0
43 12 65.0
43 13 42.0
43 14 51.0
43 15 64.0
43 16 48.0
43 17 23.0
43 18 35.0
43 19 42.0
43 20 58.0
43 21 51.0
43 22 29.0
43 23 11.0
43 24 15.0
43 25 30.0
43 26 50.0
43 27 41.0
43 28 45.0
43 29 20.0
43 30 39.0
43 31 30.0
43 32 64.0
43 33 40.0
43 34 19.0
43 35 44.0
43 36 54.0
43 37 39.0
43 38 45.0
43 39 61.0
43 40 48.0
43 41 39.0
43 42 4.0
43 43 0.0
43 44 5.0
43 45 35.0
43 46 38.0
43 47 46.0
43 48 35.0
43 49 34.0
43 50 24.0
43 51 42.0
43 52 29.0
43 53 46.0
43 54 59.0
43 55 59.0
43 56 56.0
43 57 14.0
43 58 52.0
43 59 52.0
43 60 74.0
43 61 50.0
43 62 22.0
43 63 16.0
43 64 17.0
43 65 9.0
43 66 66.0
43 67 72.0
43 68 41.0
43 69 30.0
43 70 36.0
43 71 51.0
43 72 45.0
43 73 50.0
43 74 16.0
43 75 26.0
43 76 34.0
44 1 32.0
44 2 7.0
44 3 21.0
44 4 26.0
44 5 33.0
44 6 39.0
44 7 23.0
44 8 46.0
44 9 47.0
44 10 41.0
44 11 53.0
44 12 60.0
44 13 37.0
44 14 49.0
44 15 60.0
44 16 46.0
44 17 18.0
44 18 30.0
44 19 38.0
44 20 54.0
44 21 50.0
44 22 29.0
44 23 12.0
44 24 10.0
44 25 26.0
44 26 45.0
44 27 37.0
44 28 42.0
44 29 19.0
44 30 37.0
44 31 28.0
44 32 59.0
44 33 35.0
44 34 14.0
44 35 40.0
44 36 50.0
44 37 39.0
44 38 44.0
44 39 56.0
44 40 43.0
44 41 34.0
44 42 4.0
44 43 5.0
44 44 0.0
44 45 29.0
44 46 36.0
44 47 42.0
44 48 34.0
44 49 32.0
44 50 19.0
44 51 37.0
44 52 24.0
44 53 42.0
44 54 54.0
44 55 56.0
44 56 51.0
44 57 12.0
44 58 50.0
44 59 48.0
44 60 70.0
44 61 50.0
44 62 24.0
44 63 14.0
44 64 12.0
44 65 14.0
44 66 61.0
44 67 67.0
44 68 37.0
44 69 26.0
44 70 37.0
44 71 51.0
44 72 45.0
44 73 45.0
44 74 12.0
44 75 24.0
44 76 30.0
45 1 21.0
45 2 26.0
45 3 27.0
45 4 3.0
45 5 27.0
45 6 44.0
45 7 18.0
45 8 29.0
45 9 34.0
45 10 12.0
45 11 26.0
45 12 38.0
45 13 14.0
45 14 43.0
45 15 42.0
45 16 48.0
45 17 12.0
45 18 13.0
45 19 14.0
45 20 41.0
45 21 56.0
45 22 42.0
45 23 35.0
45 24 22.0
45 25 15.0
45 26 16.0
45 27 20.0
45 28 37.0
45 29 35.0
45 30 38.0
45 31 31.0
45 32 30.0
45 33 5.0
45 34 20.0
45 35 30.0
45 36 34.0
45 37 50.0
45 38 51.0
45 39 32.0
45 40 15.0
45 41 9.0
45 42 32.0
45 43 35.0
45 44 29.0
45 45 0.0
45 46 34.0
45 47 31.0
45 48 44.0
45 49 38.0
45 50 13.0
45 51 10.0
45 52 12.0
45 53 34.0
45 54 35.0
45 55 47.0
45 56 25.0
45 57 27.0
45 58 49.0
45 59 22.0
45 60 52.0
45 61 62.0
45 62 45.0
45 63 29.0
45 64 18.0
45 65 43.0
45 66 36.0
45 67 43.0
45 68 25.0
45 69 23.0
45 70 53.0
45 71 60.0
45 72 57.0
45 73 18.0
45 74 25.0
45 75 34.0
45 76 22.0
46 1 14.0
46 2 29.0
46 3 15.0
46 4 33.0
46 5 7.0
46 6 11.0
46 7 17.0
46 8 20.0
46 9 16.0
46 10 38.0
46 11 37.0
46 12 35.0
46 13 26.0
46 14 13.0
46 15 30.0
46 16 13.0
46 17 30.0
46 18 22.0
46 19 49.0
46 20 22.0
46 21 23.0
46 22 18.0
46 23 29.0
46 24 39.0
46 25 45.0
46 26 47.0
46 27 18.0
46 28 6.0
46 29 21.0
46 30 4.0
46 31 8.0
46 32 50.0
46 33 36.0
46 34 24.0
46 35 10.0
46 36 21.0
46 37 20.0
46 38 18.0
46 39 36.0
46 40 36.0
46 41 28.0
46 42 40.0
46 43 38.0
46 44 36.0
46 45 34.0
46 46 0.0
46 47 12.0
46 48 15.0
46 49 9.0
46 50 39.0
46 51 44.0
46 52 23.0
46 53 9.0
46 54 27.0
46 55 20.0
46 56 57.0
46 57 44.0
46 58 15.0
46 59 32.0
46 60 39.0
46 61 30.0
46 62 28.0
46 63 22.0
46 64 30.0
46 65 43.0
46 66 40.0
46 67 43.0
46 68 13.0
46 69 12.0
46 70 26.0
46 71 27.0
46 72 27.0
46 73 34.0
46 74 24.0
46 75 14.0
46 76 12.0
47 1 11.0
47 2 35.0
47 3 22.0
47 4 30.0
47 5 9.0
47 6 22.0
47 7 20.0
47 8 8.0
47 9 5.0
47 10 30.0
47 11 26.0
47 12 23.0
47 13 18.0
47 14 13.0
47 15 19.0
47 16 21.0
47 17 31.0
47 18 18.0
47 19 44.0
47 20 13.0
47 21 32.0
47 22 30.0
47 23 38.0
47 24 42.0
47 25 44.0
47 26 40.0
47 27 11.0
47 28 9.0
47 29 31.0
47 30 16.0
47 31 18.0
47 32 39.0
47 33 31.0
47 34 28.0
47 35 2.0
47 36 9.0
47 37 32.0
47 38 28.0
47 39 24.0
47 40 28.0
47 41 22.0
47 42 46.0
47 43 46.0
47 44 42.0
47 45 31.0
47 46 12.0
47 47 0.0
47 48 27.0
47 49 21.0
47 50 39.0
47 51 39.0
47 52 22.0
47 53 5.0
47 54 16.0
47 55 16.0
47 56 50.0
47 57 48.0
47 58 21.0
47 59 21.0
47 60 29.0
47 61 40.0
47 62 39.0
47 63 30.0
47 64 33.0
47 65 52.0
47 66 28.0
47 67 31.0
47 68 6.0
47 69 16.0
47 70 38.0
47 71 37.0
47 72 38.0
47 73 24.0
47 74 30.0
47 75 25.0
47 76 12.0
48 1 27.0
48 2 29.0
48 3 18.0
48 4 42.0
48 5 21.0
48 6 7.0
48 7 25.0
48 8 35.0
48 9 30.0
48 10 50.0
48 11 52.0
48 12 50.0
48 13 39.0
48 14 23.0
48 15 44.0
48 16 15.0
48 17 36.0
48 18 34.0
48 19 58.0
48 20 35.0
48 21 16.0
48 22 6.0
48 23 24.0
48 24 41.0
48 25 51.0
48 26 59.0
48 27 32.0
48 28 20.0
48 29 15.0
48 30 11.0
48 31 13.0
48 32 64.0
48 33 47.0
48 34 28.0
48 35 25.0
48 36 35.0
48 37 6.0
48 38 10.0
48 39 51.0
48 40 49.0
48 41 40.0
48 42 38.0
48 43 35.0
48 44 34.0
48 45 44.0
48 46 15.0
48 47 27.0
48 48 0.0
48 49 6.0
48 50 44.0
48 51 54.0
48 52 32.0
48 53 23.0
48 54 42.0
48 55 31.0
48 56 68.0
48 57 45.0
48 58 19.0
48 59 46.0
48 60 53.0
48 61 18.0
48 62 17.0
48 63 21.0
48 64 34.0
48 65 36.0
48 66 55.0
48 67 57.0
48 68 27.0
48 69 22.0
48 70 11.0
48 71 17.0
48 72 13.0
48 73 47.0
48 74 25.0
48 75 11.0
48 76 24.0
49 1 21.0
49 2 26.0
49 3 13.0
49 4 36.0
49 5 14.0
49 6 7.0
49 7 20.0
49 8 29.0
49 9 25.0
49 10 44.0
49 11 46.0
49 12 45.0
49 13 33.0
49 14 20.0
49 15 39.0
49 16 14.0
49 17 31.0
49 18 27.0
49 19 52.0
49 20 30.0
49 21 19.0
49 22 9.0
49 23 23.0
49 24 38.0
49 25 47.0
49 26 53.0
49 27 26.0
49 28 15.0
49 29 14.0
49 30 6.0
49 31 7.0
49 32 58.0
49 33 41.0
49 34 23.0
49 35 19.0
49 36 30.0
49 37 13.0
49 38 13.0
49 39 45.0
49 40 43.0
49 41 34.0
49 42 36.0
49 43 34.0
49 44 32.0
49 45 38.0
49 46 9.0
49 47 21.0
49 48 6.0
49 49 0.0
49 50 40.0
49 51 48.0
49 52 26.0
49 53 18.0
49 54 37.0
49 55 28.0
49 56 62.0
49 57 42.0
49 58 18.0
49 59 40.0
49 60 48.0
49 61 23.0
49 62 19.0
49 63 18.0
49 64 29.0
49 65 37.0
49 66 49.0
49 67 52.0
49 68 21.0
49 69 16.0
49 70 17.0
49 71 22.0
49 72 19.0
49 73 41.0
49 74 21.0
49 75 8.0
49 76 18.0
50 1 28.0
50 2 19.0
50 3 27.0
50 4 11.0
50 5 33.0
50 6 47.0
50 7 21.0
50 8 40.0
50 9 44.0
50 10 25.0
50 11 40.0
50 12 51.0
50 13 26.0
50 14 50.0
50 15 53.0
50 16 52.0
50 17 9.0
50 18 22.0
50 19 18.0
50 20 51.0
50 21 59.0
50 22 41.0
50 23 29.0
50 24 10.0
50 25 7.0
50 26 26.0
50 27 30.0
50 28 43.0
50 29 32.0
50 30 42.0
50 31 33.0
50 32 42.0
50 33 18.0
50 34 17.0
50 35 38.0
50 36 45.0
50 37 50.0
50 38 53.0
50 39 45.0
50 40 28.0
50 41 22.0
50 42 21.0
50 43 24.0
50 44 19.0
50 45 13.0
50 46 39.0
50 47 39.0
50 48 44.0
50 49 40.0
50 50 0.0
50 51 18.0
50 52 17.0
50 53 42.0
50 54 47.0
50 55 55.0
50 56 32.0
50 57 14.0
50 58 54.0
50 59 36.0
50 60 64.0
50 61 62.0
50 62 40.0
50 63 25.0
50 64 11.0
50 65 33.0
50 66 50.0
50 67 56.0
50 68 33.0
50 69 26.0
50 70 51.0
50 71 62.0
50 72 57.0
50 73 32.0
50 74 21.0
50 75 33.0
50 76 28.0
51 1 30.0
51 2 35.0
51 3 37.0
51 4 13.0
51 5 37.0
51 6 54.0
51 7 28.0
51 8 36.0
51 9 41.0
51 10 11.0
51 11 27.0
51 12 41.0
51 13 21.0
51 14 51.0
51 15 47.0
51 16 57.0
51 17 21.0
51 18 22.0
51 19 6.0
51 20 48.0
51 21 66.0
51 22 52.0
51 23 44.0
51 24 28.0
51 25 15.0
51 26 8.0
51 27 28.0
51 28 46.0
51 29 45.0
51 30 48.0
51 31 41.0
51 32 26.0
51 33 8.0
51 34 29.0
51 35 38.0
51 36 40.0
51 37 60.0
51 38 61.0
51 39 34.0
51 40 16.0
51 41 16.0
51 42 39.0
51 43 42.0
51 44 37.0
51 45 10.0
51 46 44.0
51 47 39.0
51 48 54.0
51 49 48.0
51 50 18.0
51 51 0.0
51 52 22.0
51 53 43.0
51 54 40.0
51 55 54.0
51 56 15.0
51 57 32.0
51 58 58.0
51 59 25.0
51 60 56.0
51 61 71.0
51 62 54.0
51 63 39.0
51 64 26.0
51 65 51.0
51 66 38.0
51 67 45.0
51 68 33.0
51 69 33.0
51 70 63.0
51 71 70.0
51 72 67.0
51 73 20.0
51 74 34.0
51 75 44.0
51 76 31.0
52 1 11.0
52 2 18.0
52 3 15.0
52 4 10.0
52 5 16.0
52 6 32.0
52 7 6.0
52 8 24.0
52 9 27.0
52 10 20.0
52 11 29.0
52 12 37.0
52 13 13.0
52 14 33.0
52 15 38.0
52 16 36.0
52 17 9.0
52 18 6.0
52 19 26.0
52 20 34.0
52 21 45.0
52 22 30.0
52 23 26.0
52 24 21.0
52 25 22.0
52 26 28.0
52 27 14.0
52 28 26.0
52 29 24.0
52 30 26.0
52 31 19.0
52 32 37.0
52 33 16.0
52 34 10.0
52 35 21.0
52 36 28.0
52 37 38.0
52 38 39.0
52 39 32.0
52 40 21.0
52 41 11.0
52 42 28.0
52 43 29.0
52 44 24.0
52 45 12.0
52 46 23.0
52 47 22.0
52 48 32.0
52 49 26.0
52 50 17.0
52 51 22.0
52 52 0.0
52 53 25.0
52 54 32.0
52 55 38.0
52 56 36.0
52 57 27.0
52 58 38.0
52 59 24.0
52 60 48.0
52 61 49.0
52 62 34.0
52 63 19.0
52 64 13.0
52 65 37.0
52 66 37.0
52 67 43.0
52 68 16.0
52 69 11.0
52 70 41.0
52 71 48.0
52 72 45.0
52 73 22.0
52 74 15.0
52 75 22.0
52 76 11.0
53 1 14.0
53 2 36.0
53 3 22.0
53 4 34.0
53 5 9.0
53 6 18.0
53 7 21.0
53 8 13.0
53 9 7.0
53 10 35.0
53 11 31.0
53 12 27.0
53 13 23.0
53 14 9.0
53 15 21.0
53 16 16.0
53 17 33.0
53 18 22.0
53 19 48.0
53 20 13.0
53 21 27.0
53 22 27.0
53 23 38.0
53 24 44.0
53 25 47.0
53 26 45.0
53 27 15.0
53 28 4.0
53 29 29.0
53 30 12.0
53 31 16.0
53 32 44.0
53 33 35.0
53 34 29.0
53 35 4.0
53 36 12.0
53 37 28.0
53 38 24.0
53 39 29.0
53 40 33.0
53 41 27.0
53 42 47.0
53 43 46.0
53 44 42.0
53 45 34.0
53 46 9.0
53 47 5.0
53 48 23.0
53 49 18.0
53 50 42.0
53 51 43.0
53 52 25.0
53 53 0.0
53 54 19.0
53 55 13.0
53 56 54.0
53 57 50.0
53 58 16.0
53 59 26.0
53 60 31.0
53 61 35.0
53 62 37.0
53 63 30.0
53 64 35.0
53 65 51.0
53 66 32.0
53 67 34.0
53 68 10.0
53 69 17.0
53 70 34.0
53 71 32.0
53 72 33.0
53 73 29.0
53 74 30.0
53 75 23.0
53 76 14.0
54 1 23.0
54 2 48.0
54 3 36.0
54 4 36.0
54 5 24.0
54 6 37.0
54 7 32.0
54 8 9.0
54 9 12.0
54 10 29.0
54 11 17.0
54 12 8.0
54 13 21.0
54 14 23.0
54 15 7.0
54 16 34.0
54 17 40.0
54 18 26.0
54 19 46.0
54 20 11.0
54 21 44.0
54 22 45.0
54 23 53.0
54 24 53.0
54 25 50.0
54 26 39.0
54 27 18.0
54 28 23.0
54 29 46.0
54 30 31.0
54 31 33.0
54 32 31.0
54 33 33.0
54 34 40.0
54 35 18.0
54 36 7.0
54 37 47.0
54 38 42.0
54 39 12.0
54 40 25.0
54 41 26.0
54 42 59.0
54 43 59.0
54 44 54.0
54 45 35.0
54 46 27.0
54 47 16.0
54 48 42.0
54 49 37.0
54 50 47.0
54 51 40.0
54 52 32.0
54 53 19.0
54 54 0.0
54 55 20.0
54 56 47.0
54 57 59.0
54 58 32.0
54 59 15.0
54 60 17.0
54 61 54.0
54 62 54.0
54 63 45.0
54 64 44.0
54 65 66.0
54 66 14.0
54 67 15.0
54 68 18.0
54 69 29.0
54 70 53.0
54 71 50.0
54 72 52.0
54 73 20.0
54 74 43.0
54 75 40.0
54 76 25.0
55 1 27.0
55 2 49.0
55 3 34.0
55 4 46.0
55 5 23.0
55 6 24.0
55 7 35.0
55 8 19.0
55 9 13.0
55 10 45.0
55 11 37.0
55 12 27.0
55 13 34.0
55 14 8.0
55 15 17.0
55 16 18.0
55 17 46.0
55 18 34.0
55 19 60.0
55 20 9.0
55 21 27.0
55 22 36.0
55 23 50.0
55 24 57.0
55 25 60.0
55 26 55.0
55 27 26.0
55 28 14.0
55 29 41.0
55 30 21.0
55 31 28.0
55 32 50.0
55 33 47.0
55 34 43.0
55 35 17.0
55 36 15.0
55 37 34.0
55 38 27.0
55 39 32.0
55 40 42.0
55 41 38.0
55 42 60.0
55 43 59.0
55 44 56.0
55 45 47.0
55 46 20.0
55 47 16.0
55 48 31.0
55 49 28.0
55 50 55.0
55 51 54.0
55 52 38.0
55 53 13.0
55 54 20.0
55 55 0.0
55 56 64.0
55 57 63.0
55 58 14.0
55 59 33.0
55 60 23.0
55 61 37.0
55 62 47.0
55 63 43.0
55 64 48.0
55 65 63.0
55 66 34.0
55 67 33.0
55 68 22.0
55 69 30.0
55 70 41.0
55 71 33.0
55 72 37.0
55 73 37.0
55 74 43.0
55 75 34.0
55 76 27.0
56 1 42.0
56 2 49.0
56 3 51.0
56 4 27.0
56 5 49.0
56 6 67.0
56 7 43.0
56 8 45.0
56 9 51.0
56 10 19.0
56 11 30.0
56 12 45.0
56 13 31.0
56 14 63.0
56 15 54.0
56 16 69.0
56 17 36.0
56 18 35.0
56 19 14.0
56 20 56.0
56 21 79.0
56 22 66.0
56 23 59.0
56 24 42.0
56 25 27.0
56 26 9.0
56 27 39.0
56 28 58.0
56 29 60.0
56 30 61.0
56 31 55.0
56 32 22.0
56 33 21.0
56 34 44.0
56 35 50.0
56 36 49.0
56 37 74.0
56 38 74.0
56 39 37.0
56 40 22.0
56 41 28.0
56 42 53.0
56 43 56.0
56 44 51.0
56 45 25.0
56 46 57.0
56 47 50.0
56 48 68.0
56 49 62.0
56 50 32.0
56 51 15.0
56 52 36.0
56 53 54.0
56 54 47.0
56 55 64.0
56 56 0.0
56 57 45.0
56 58 70.0
56 59 32.0
56 60 60.0
56 61 85.0
56 62 69.0
56 63 54.0
56 64 41.0
56 65 65.0
56 66 40.0
56 67 47.0
56 68 45.0
56 69 46.0
56 70 77.0
56 71 84.0
56 72 81.0
56 73 27.0
56 74 49.0
56 75 58.0
56 76 45.0
57 1 37.0
57 2 16.0
57 3 30.0
57 4 25.0
57 5 40.0
57 6 49.0
57 7 28.0
57 8 51.0
57 9 53.0
57 10 39.0
57 11 53.0
57 12 63.0
57 13 39.0
57 14 57.0
57 15 64.0
57 16 56.0
57 17 19.0
57 18 33.0
57 19 31.0
57 20 61.0
57 21 61.0
57 22 40.0
57 23 23.0
57 24 6.0
57 25 18.0
57 26 41.0
57 27 41.0
57 28 50.0
57 29 30.0
57 30 46.0
57 31 37.0
57 32 57.0
57 33 32.0
57 34 20.0
57 35 46.0
57 36 55.0
57 37 50.0
57 38 55.0
57 39 58.0
57 40 42.0
57 41 35.0
57 42 10.0
57 43 14.0
57 44 12.0
57 45 27.0
57 46 44.0
57 47 48.0
57 48 45.0
57 49 42.0
57 50 14.0
57 51 32.0
57 52 27.0
57 53 50.0
57 54 59.0
57 55 63.0
57 56 45.0
57 57 0.0
57 58 59.0
57 59 49.0
57 60 75.0
57 61 62.0
57 62 36.0
57 63 25.0
57 64 15.0
57 65 22.0
57 66 63.0
57 67 69.0
57 68 43.0
57 69 33.0
57 70 49.0
57 71 62.0
57 72 57.0
57 73 45.0
57 74 21.0
57 75 34.0
57 76 36.0
58 1 28.0
58 2 43.0
58 3 29.0
58 4 48.0
58 5 22.0
58 6 12.0
58 7 33.0
58 8 27.0
58 9 21.0
58 10 50.0
58 11 46.0
58 12 39.0
58 13 38.0
58 14 9.0
58 15 30.0
58 16 4.0
58 17 45.0
58 18 36.0
58 19 63.0
58 20 21.0
58 21 13.0
58 22 25.0
58 23 41.0
58 24 54.0
58 25 60.0
58 26 61.0
58 27 31.0
58 28 12.0
58 29 32.0
58 30 13.0
58 31 22.0
58 32 60.0
58 33 50.0
58 34 39.0
58 35 20.0
58 36 25.0
58 37 20.0
58 38 13.0
58 39 43.0
58 40 48.0
58 41 42.0
58 42 54.0
58 43 52.0
58 44 50.0
58 45 49.0
58 46 15.0
58 47 21.0
58 48 19.0
58 49 18.0
58 50 54.0
58 51 58.0
58 52 38.0
58 53 16.0
58 54 32.0
58 55 14.0
58 56 70.0
58 57 59.0
58 58 0.0
58 59 41.0
58 60 37.0
58 61 23.0
58 62 36.0
58 63 36.0
58 64 45.0
58 65 55.0
58 66 46.0
58 67 46.0
58 68 25.0
58 69 28.0
58 70 27.0
58 71 19.0
58 72 23.0
58 73 45.0
58 74 38.0
58 75 26.0
58 76 27.0
59 1 20.0
59 2 42.0
59 3 34.0
59 4 24.0
59 5 25.0
59 6 43.0
59 7 27.0
59 8 14.0
59 9 21.0
59 10 14.0
59 11 6.0
59 12 16.0
59 13 10.0
59 14 33.0
59 15 22.0
59 16 42.0
59 17 31.0
59 18 17.0
59 19 31.0
59 20 25.0
59 21 53.0
59 22 47.0
59 23 49.0
59 24 43.0
59 25 37.0
59 26 23.0
59 27 14.0
59 28 30.0
59 29 44.0
59 30 36.0
59 31 34.0
59 32 18.0
59 33 19.0
59 34 34.0
59 35 22.0
59 36 18.0
59 37 52.0
59 38 49.0
59 39 9.0
59 40 10.0
59 41 14.0
59 42 51.0
59 43 52.0
59 44 48.0
59 45 22.0
59 46 32.0
59 47 21.0
59 48 46.0
59 49 40.0
59 50 36.0
59 51 25.0
59 52 24.0
59 53 26.0
59 54 15.0
59 55 33.0
59 56 32.0
59 57 49.0
59 58 41.0
59 59 0.0
59 60 30.0
59 61 61.0
59 62 54.0
59 63 41.0
59 64 36.0
59 65 60.0
59 66 14.0
59 67 21.0
59 68 19.0
59 69 27.0
59 70 57.0
59 71 58.0
59 72 58.0
59 73 5.0
59 74 38.0
59 75 40.0
59 76 23.0
60 1 38.0
60 2 64.0
60 3 51.0
60 4 53.0
60 5 38.0
60 6 46.0
60 7 48.0
60 8 24.0
60 9 24.0
60 10 44.0
60 11 30.0
60 12 15.0
60 13 37.0
60 14 30.0
60 15 11.0
60 16 41.0
60 17 56.0
60 18 42.0
60 19 62.0
60 20 18.0
60 21 50.0
60 22 57.0
60 23 67.0
60 24 69.0
60 25 66.0
60 26 53.0
60 27 34.0
60 28 34.0
60 29 59.0
60 30 42.0
60 31 47.0
60 32 41.0
60 33 49.0
60 34 56.0
60 35 31.0
60 36 21.0
60 37 56.0
60 38 50.0
60 39 23.0
60 40 40.0
60 41 42.0
60 42 75.0
60 43 74.0
60 44 70.0
60 45 52.0
60 46 39.0
60 47 29.0
60 48 53.0
60 49 48.0
60 50 64.0
60 51 56.0
60 52 48.0
60 53 31.0
60 54 17.0
60 55 23.0
60 56 60.0
60 57 75.0
60 58 37.0
60 59 30.0
60 60 0.0
60 61 60.0
60 62 67.0
60 63 59.0
60 64 60.0
60 65 81.0
60 66 21.0
60 67 15.0
60 68 33.0
60 69 45.0
60 70 63.0
60 71 56.0
60 72 60.0
60 73 35.0
60 74 59.0
60 75 53.0
60 76 40.0
61 1 43.0
61 2 46.0
61 3 36.0
61 4 59.0
61 5 36.0
61 6 18.0
61 7 43.0
61 8 48.0
61 9 42.0
61 10 67.0
61 11 66.0
61 12 62.0
61 13 55.0
61 14 31.0
61 15 53.0
61 16 20.0
61 17 54.0
61 18 51.0
61 19 76.0
61 20 44.0
61 21 10.0
61 22 22.0
61 23 39.0
61 24 58.0
61 25 69.0
61 26 76.0
61 27 48.0
61 28 31.0
61 29 31.0
61 30 25.0
61 31 30.0
61 32 79.0
61 33 65.0
61 34 45.0
61 35 39.0
61 36 47.0
61 37 12.0
61 38 12.0
61 39 64.0
61 40 66.0
61 41 57.0
61 42 54.0
61 43 50.0
61 44 50.0
61 45 62.0
61 46 30.0
61 47 40.0
61 48 18.0
61 49 23.0
61 50 62.0
61 51 71.0
61 52 49.0
61 53 35.0
61 54 54.0
61 55 37.0
61 56 85.0
61 57 62.0
61 58 23.0
61 59 61.0
61 60 60.0
61 61 0.0
61 62 28.0
61 63 38.0
61 64 51.0
61 65 49.0
61 66 67.0
61 67 68.0
61 68 42.0
61 69 39.0
61 70 14.0
61 71 4.0
61 72 5.0
61 73 63.0
61 74 42.0
61 75 29.0
61 76 41.0
62 1 34.0
62 2 21.0
62 3 20.0
62 4 42.0
62 5 30.0
62 6 24.0
62 7 28.0
62 8 46.0
62 9 43.0
62 10 54.0
62 11 60.0
62 12 62.0
62 13 45.0
62 14 39.0
62 15 57.0
62 16 32.0
62 17 34.0
62 18 38.0
62 19 57.0
62 20 49.0
62 21 31.0
62 22 11.0
62 23 12.0
62 24 33.0
62 25 47.0
62 26 61.0
62 27 40.0
62 28 34.0
62 29 10.0
62 30 26.0
62 31 21.0
62 32 70.0
62 33 49.0
62 34 25.0
62 35 37.0
62 36 48.0
62 37 18.0
62 38 26.0
62 39 61.0
62 40 54.0
62 41 44.0
62 42 26.0
62 43 22.0
62 44 24.0
62 45 45.0
62 46 28.0
62 47 39.0
62 48 17.0
62 49 19.0
62 50 40.0
62 51 54.0
62 52 34.0
62 53 37.0
62 54 54.0
62 55 47.0
62 56 69.0
62 57 36.0
62 58 36.0
62 59 54.0
62 60 67.0
62 61 28.0
62 62 0.0
62 63 15.0
62 64 29.0
62 65 21.0
62 66 66.0
62 67 69.0
62 68 37.0
62 69 27.0
62 70 14.0
62 71 30.0
62 72 23.0
62 73 54.0
62 74 20.0
62 75 15.0
62 76 31.0
63 1 22.0
63 2 8.0
63 3 8.0
63 4 27.0
63 5 21.0
63 6 25.0
63 7 14.0
63 8 36.0
63 9 35.0
63 10 39.0
63 11 47.0
63 12 51.0
63 13 31.0
63 14 35.0
63 15 49.0
63 16 32.0
63 17 18.0
63 18 24.0
63 19 42.0
63 20 43.0
63 21 36.0
63 22 16.0
63 23 8.0
63 24 21.0
63 25 33.0
63 26 46.0
63 27 28.0
63 28 29.0
63 29 6.0
63 30 23.0
63 31 14.0
63 32 56.0
63 33 34.0
63 34 10.0
63 35 28.0
63 36 39.0
63 37 26.0
63 38 30.0
63 39 49.0
63 40 40.0
63 41 30.0
63 42 18.0
63 43 16.0
63 44 14.0
63 45 29.0
63 46 22.0
63 47 30.0
63 48 21.0
63 49 18.0
63 50 25.0
63 51 39.0
63 52 19.0
63 53 30.0
63 54 45.0
63 55 43.0
63 56 54.0
63 57 25.0
63 58 36.0
63 59 41.0
63 60 59.0
63 61 38.0
63 62 15.0
63 63 0.0
63 64 14.0
63 65 21.0
63 66 54.0
63 67 59.0
63 68 27.0
63 69 15.0
63 70 26.0
63 71 38.0
63 72 33.0
63 73 40.0
63 74 5.0
63 75 10.0
63 76 20.0
64 1 22.0
64 2 8.0
64 3 16.0
64 4 15.0
64 5 25.0
64 6 36.0
64 7 14.0
64 8 36.0
64 9 38.0
64 10 30.0
64 11 41.0
64 12 49.0
64 13 26.0
64 14 42.0
64 15 50.0
64 16 42.0
64 17 6.0
64 18 19.0
64 19 28.0
64 20 46.0
64 21 49.0
64 22 29.0
64 23 18.0
64 24 9.0
64 25 18.0
64 26 34.0
64 27 26.0
64 28 35.0
64 29 21.0
64 30 32.0
64 31 23.0
64 32 47.0
64 33 23.0
64 34 6.0
64 35 32.0
64 36 40.0
64 37 39.0
64 38 43.0
64 39 45.0
64 40 32.0
64 41 22.0
64 42 15.0
64 43 17.0
64 44 12.0
64 45 18.0
64 46 30.0
64 47 33.0
64 48 34.0
64 49 29.0
64 50 11.0
64 51 26.0
64 52 13.0
64 53 35.0
64 54 44.0
64 55 48.0
64 56 41.0
64 57 15.0
64 58 45.0
64 59 36.0
64 60 60.0
64 61 51.0
64 62 29.0
64 63 14.0
64 64 0.0
64 65 25.0
64 66 50.0
64 67 56.0
64 68 28.0
64 69 18.0
64 70 40.0
64 71 51.0
64 72 46.0
64 73 34.0
64 74 9.0
64 75 22.0
64 76 21.0
65 1 43.0
65 2 18.0
65 3 30.0
65 4 40.0
65 5 42.0
65 6 43.0
65 7 34.0
65 8 57.0
65 9 57.0
65 10 55.0
65 11 66.0
65 12 72.0
65 13 50.0
65 14 56.0
65 15 70.0
65 16 51.0
65 17 32.0
65 18 43.0
65 19 51.0
65 20 64.0
65 21 52.0
65 22 30.0
65 23 14.0
65 24 23.0
65 25 39.0
65 26 59.0
65 27 49.0
65 28 49.0
65 29 23.0
65 30 43.0
65 31 35.0
65 32 73.0
65 33 49.0
65 34 26.0
65 35 49.0
65 36 60.0
65 37 39.0
65 38 46.0
65 39 69.0
65 40 57.0
65 41 47.0
65 42 12.0
65 43 9.0
65 44 14.0
65 45 43.0
65 46 43.0
65 47 52.0
65 48 36.0
65 49 37.0
65 50 33.0
65 51 51.0
65 52 37.0
65 53 51.0
65 54 66.0
65 55 63.0
65 56 65.0
65 57 22.0
65 58 55.0
65 59 60.0
65 60 81.0
65 61 49.0
65 62 21.0
65 63 21.0
65 64 25.0
65 65 0.0
65 66 74.0
65 67 79.0
65 68 48.0
65 69 36.0
65 70 35.0
65 71 51.0
65 72 44.0
65 73 59.0
65 74 22.0
65 75 29.0
65 76 41.0
66 1 32.0
66 2 56.0
66 3 46.0
66 4 38.0
66 5 35.0
66 6 50.0
66 7 40.0
66 8 20.0
66 9 25.0
66 10 26.0
66 11 11.0
66 12 7.0
66 13 24.0
66 14 37.0
66 15 18.0
66 16 48.0
66 17 45.0
66 18 31.0
66 19 43.0
66 20 25.0
66 21 58.0
66 22 57.0
66 23 62.0
66 24 57.0
66 25 51.0
66 26 34.0
66 27 26.0
66 28 36.0
66 29 56.0
66 30 44.0
66 31 45.0
66 32 20.0
66 33 33.0
66 34 48.0
66 35 30.0
66 36 21.0
66 37 60.0
66 38 56.0
66 39 5.0
66 40 22.0
66 41 28.0
66 42 65.0
66 43 66.0
66 44 61.0
66 45 36.0
66 46 40.0
66 47 28.0
66 48 55.0
66 49 49.0
66 50 50.0
66 51 38.0
66 52 37.0
66 53 32.0
66 54 14.0
66 55 34.0
66 56 40.0
66 57 63.0
66 58 46.0
66 59 14.0
66 60 21.0
66 61 67.0
66 62 66.0
66 63 54.0
66 64 50.0
66 65 74.0
66 66 0.0
66 67 7.0
66 68 28.0
66 69 39.0
66 70 66.0
66 71 64.0
66 72 66.0
66 73 18.0
66 74 51.0
66 75 51.0
66 76 34.0
67 1 36.0
67 2 61.0
67 3 51.0
67 4 45.0
67 5 39.0
67 6 52.0
67 7 45.0
67 8 23.0
67 9 27.0
67 10 34.0
67 11 18.0
67 12 7.0
67 13 30.0
67 14 37.0
67 15 16.0
67 16 48.0
67 17 51.0
67 18 37.0
67 19 51.0
67 20 25.0
67 21 59.0
67 22 60.0
67 23 67.0
67 24 64.0
67 25 58.0
67 26 41.0
67 27 31.0
67 28 38.0
67 29 60.0
67 30 46.0
67 31 48.0
67 32 26.0
67 33 40.0
67 34 53.0
67 35 33.0
67 36 22.0
67 37 62.0
67 38 57.0
67 39 12.0
67 40 30.0
67 41 35.0
67 42 71.0
67 43 72.0
67 44 67.0
67 45 43.0
67 46 43.0
67 47 31.0
67 48 57.0
67 49 52.0
67 50 56.0
67 51 45.0
67 52 43.0
67 53 34.0
67 54 15.0
67 55 33.0
67 56 47.0
67 57 69.0
67 58 46.0
67 59 21.0
67 60 15.0
67 61 68.0
67 62 69.0
67 63 59.0
67 64 56.0
67 65 79.0
67 66 7.0
67 67 0.0
67 68 32.0
67 69 43.0
67 70 68.0
67 71 65.0
67 72 67.0
67 73 25.0
67 74 57.0
67 75 55.0
67 76 39.0
68 1 5.0
68 2 30.0
68 3 18.0
68 4 24.0
68 5 7.0
68 6 24.0
68 7 14.0
68 8 9.0
68 9 10.0
68 10 25.0
68 11 25.0
68 12 25.0
68 13 13.0
68 14 18.0
68 15 23.0
68 16 25.0
68 17 25.0
68 18 12.0
68 19 39.0
68 20 18.0
68 21 35.0
68 22 29.0
68 23 35.0
68 24 37.0
68 25 38.0
68 26 36.0
68 27 6.0
68 28 13.0
68 29 28.0
68 30 17.0
68 31 16.0
68 32 37.0
68 33 25.0
68 34 23.0
68 35 5.0
68 36 13.0
68 37 33.0
68 38 31.0
68 39 24.0
68 40 23.0
68 41 17.0
68 42 41.0
68 43 41.0
68 44 37.0
68 45 25.0
68 46 13.0
68 47 6.0
68 48 27.0
68 49 21.0
68 50 33.0
68 51 33.0
68 52 16.0
68 53 10.0
68 54 18.0
68 55 22.0
68 56 45.0
68 57 43.0
68 58 25.0
68 59 19.0
68 60 33.0
68 61 42.0
68 62 37.0
68 63 27.0
68 64 28.0
68 65 48.0
68 66 28.0
68 67 32.0
68 68 0.0
68 69 11.0
68 70 38.0
68 71 40.0
68 72 40.0
68 73 21.0
68 74 25.0
68 75 23.0
68 76 7.0
69 1 7.0
69 2 19.0
69 3 7.0
69 4 21.0
69 5 7.0
69 6 21.0
69 7 5.0
69 8 21.0
69 9 21.0
69 10 29.0
69 11 33.0
69 12 36.0
69 13 18.0
69 14 24.0
69 15 34.0
69 16 26.0
69 17 17.0
69 18 12.0
69 19 37.0
69 20 28.0
69 21 34.0
69 22 21.0
69 23 23.0
69 24 27.0
69 25 33.0
69 26 37.0
69 27 13.0
69 28 17.0
69 29 17.0
69 30 16.0
69 31 9.0
69 32 44.0
69 33 26.0
69 34 13.0
69 35 14.0
69 36 24.0
69 37 28.0
69 38 28.0
69 39 34.0
69 40 28.0
69 41 19.0
69 42 31.0
69 43 30.0
69 44 26.0
69 45 23.0
69 46 12.0
69 47 16.0
69 48 22.0
69 49 16.0
69 50 26.0
69 51 33.0
69 52 11.0
69 53 17.0
69 54 29.0
69 55 30.0
69 56 46.0
69 57 33.0
69 58 28.0
69 59 27.0
69 60 45.0
69 61 39.0
69 62 27.0
69 63 15.0
69 64 18.0
69 65 36.0
69 66 39.0
69 67 43.0
69 68 11.0
69 69 0.0
69 70 31.0
69 71 38.0
69 72 35.0
69 73 27.0
69 74 14.0
69 75 13.0
69 76 4.0
70 1 37.0
70 2 33.0
70 3 26.0
70 4 50.0
70 5 31.0
70 6 17.0
70 7 34.0
70 8 46.0
70 9 41.0
70 10 60.0
70 11 63.0
70 12 61.0
70 13 49.0
70 14 33.0
70 15 54.0
70 16 23.0
70 17 43.0
70 18 43.0
70 19 66.0
70 20 46.0
70 21 19.0
70 22 11.0
70 23 26.0
70 24 46.0
70 25 58.0
70 26 68.0
70 27 43.0
70 28 30.0
70 29 19.0
70 30 22.0
70 31 23.0
70 32 74.0
70 33 56.0
70 34 35.0
70 35 36.0
70 36 46.0
70 37 7.0
70 38 15.0
70 39 62.0
70 40 59.0
70 41 50.0
70 42 40.0
70 43 36.0
70 44 37.0
70 45 53.0
70 46 26.0
70 47 38.0
70 48 11.0
70 49 17.0
70 50 51.0
70 51 63.0
70 52 41.0
70 53 34.0
70 54 53.0
70 55 41.0
70 56 77.0
70 57 49.0
70 58 27.0
70 59 57.0
70 60 63.0
70 61 14.0
70 62 14.0
70 63 26.0
70 64 40.0
70 65 35.0
70 66 66.0
70 67 68.0
70 68 38.0
70 69 31.0
70 70 0.0
70 71 16.0
70 72 9.0
70 73 58.0
70 74 30.0
70 75 19.0
70 76 34.0
71 1 41.0
71 2 46.0
71 3 35.0
71 4 58.0
71 5 34.0
71 6 16.0
71 7 42.0
71 8 45.0
71 9 39.0
71 10 65.0
71 11 64.0
71 12 58.0
71 13 53.0
71 14 27.0
71 15 49.0
71 16 16.0
71 17 53.0
71 18 49.0
71 19 75.0
71 20 40.0
71 21 6.0
71 22 23.0
71 23 40.0
71 24 59.0
71 25 69.0
71 26 74.0
71 27 45.0
71 28 28.0
71 29 32.0
71 30 23.0
71 31 29.0
71 32 76.0
71 33 63.0
71 34 45.0
71 35 36.0
71 36 43.0
71 37 12.0
71 38 9.0
71 39 61.0
71 40 63.0
71 41 55.0
71 42 55.0
71 43 51.0
71 44 51.0
71 45 60.0
71 46 27.0
71 47 37.0
71 48 17.0
71 49 22.0
71 50 62.0
71 51 70.0
71 52 48.0
71 53 32.0
71 54 50.0
71 55 33.0
71 56 84.0
71 57 62.0
71 58 19.0
71 59 58.0
71 60 56.0
71 61 4.0
71 62 30.0
71 63 38.0
71 64 51.0
71 65 51.0
71 66 64.0
71 67 65.0
71 68 40.0
71 69 38.0
71 70 16.0
71 71 0.0
71 72 8.0
71 73 61.0
71 74 42.0
71 75 29.0
71 76 39.0
72 1 40.0
72 2 41.0
72 3 31.0
72 4 55.0
72 5 33.0
72 6 16.0
72 7 39.0
72 8 46.0
72 9 40.0
72 10 63.0
72 11 64.0
72 12 60.0
72 13 52.0
72 14 30.0
72 15 52.0
72 16 19.0
72 17 49.0
72 18 47.0
72 19 71.0
72 20 43.0
72 21 11.0
72 22 17.0
72 23 34.0
72 24 53.0
72 25 64.0
72 26 72.0
72 27 45.0
72 28 29.0
72 29 26.0
72 30 22.0
72 31 26.0
72 32 76.0
72 33 61.0
72 34 41.0
72 35 36.0
72 36 45.0
72 37 7.0
72 38 10.0
72 39 62.0
72 40 62.0
72 41 54.0
72 42 49.0
72 43 45.0
72 44 45.0
72 45 57.0
72 46 27.0
72 47 38.0
72 48 13.0
72 49 19.0
72 50 57.0
72 51 67.0
72 52 45.0
72 53 33.0
72 54 52.0
72 55 37.0
72 56 81.0
72 57 57.0
72 58 23.0
72 59 58.0
72 60 60.0
72 61 5.0
72 62 23.0
72 63 33.0
72 64 46.0
72 65 44.0
72 66 66.0
72 67 67.0
72 68 40.0
72 69 35.0
72 70 9.0
72 71 8.0
72 72 0.0
72 73 60.0
72 74 37.0
72 75 24.0
72 76 37.0
73 1 21.0
73 2 40.0
73 3 34.0
73 4 21.0
73 5 27.0
73 6 45.0
73 7 26.0
73 8 18.0
73 9 25.0
73 10 9.0
73 11 8.0
73 12 21.0
73 13 9.0
73 14 37.0
73 15 27.0
73 16 45.0
73 17 28.0
73 18 16.0
73 19 26.0
73 20 30.0
73 21 55.0
73 22 48.0
73 23 48.0
73 24 40.0
73 25 33.0
73 26 18.0
73 27 15.0
73 28 33.0
73 29 44.0
73 30 38.0
73 31 35.0
73 32 16.0
73 33 15.0
73 34 32.0
73 35 25.0
73 36 22.0
73 37 53.0
73 38 51.0
73 39 13.0
73 40 5.0
73 41 11.0
73 42 49.0
73 43 50.0
73 44 45.0
73 45 18.0
73 46 34.0
73 47 24.0
73 48 47.0
73 49 41.0
73 50 32.0
73 51 20.0
73 52 22.0
73 53 29.0
73 54 20.0
73 55 37.0
73 56 27.0
73 57 45.0
73 58 45.0
73 59 5.0
73 60 35.0
73 61 63.0
73 62 54.0
73 63 40.0
73 64 34.0
73 65 59.0
73 66 18.0
73 67 25.0
73 68 21.0
73 69 27.0
73 70 58.0
73 71 61.0
73 72 60.0
73 73 0.0
73 74 37.0
73 75 40.0
73 76 24.0
74 1 21.0
74 2 5.0
74 3 9.0
74 4 22.0
74 5 21.0
74 6 28.0
74 7 12.0
74 8 35.0
74 9 35.0
74 10 35.0
74 11 44.0
74 12 50.0
74 13 28.0
74 14 37.0
74 15 48.0
74 16 35.0
74 17 13.0
74 18 21.0
74 19 37.0
74 20 42.0
74 21 40.0
74 22 20.0
74 23 11.0
74 24 16.0
74 25 28.0
74 26 41.0
74 27 26.0
74 28 30.0
74 29 11.0
74 30 25.0
74 31 16.0
74 32 52.0
74 33 29.0
74 34 5.0
74 35 28.0
74 36 38.0
74 37 30.0
74 38 34.0
74 39 47.0
74 40 36.0
74 41 26.0
74 42 17.0
74 43 16.0
74 44 12.0
74 45 25.0
74 46 24.0
74 47 30.0
74 48 25.0
74 49 21.0
74 50 21.0
74 51 34.0
74 52 15.0
74 53 30.0
74 54 43.0
74 55 43.0
74 56 49.0
74 57 21.0
74 58 38.0
74 59 38.0
74 60 59.0
74 61 42.0
74 62 20.0
74 63 5.0
74 64 9.0
74 65 22.0
74 66 51.0
74 67 57.0
74 68 25.0
74 69 14.0
74 70 30.0
74 71 42.0
74 72 37.0
74 73 37.0
74 74 0.0
74 75 14.0
74 76 18.0
75 1 20.0
75 2 18.0
75 3 7.0
75 4 31.0
75 5 16.0
75 6 15.0
75 7 16.0
75 8 32.0
75 9 29.0
75 10 41.0
75 11 46.0
75 12 47.0
75 13 31.0
75 14 27.0
75 15 43.0
75 16 22.0
75 17 25.0
75 18 25.0
75 19 48.0
75 20 36.0
75 21 27.0
75 22 8.0
75 23 16.0
75 24 30.0
75 25 40.0
75 26 50.0
75 27 26.0
75 28 21.0
75 29 6.0
75 30 13.0
75 31 7.0
75 32 57.0
75 33 38.0
75 34 17.0
75 35 22.0
75 36 34.0
75 37 17.0
75 38 21.0
75 39 47.0
75 40 41.0
75 41 32.0
75 42 28.0
75 43 26.0
75 44 24.0
75 45 34.0
75 46 14.0
75 47 25.0
75 48 11.0
75 49 8.0
75 50 33.0
75 51 44.0
75 52 22.0
75 53 23.0
75 54 40.0
75 55 34.0
75 56 58.0
75 57 34.0
75 58 26.0
75 59 40.0
75 60 53.0
75 61 29.0
75 62 15.0
75 63 10.0
75 64 22.0
75 65 29.0
75 66 51.0
75 67 55.0
75 68 23.0
75 69 13.0
75 70 19.0
75 71 29.0
75 72 24.0
75 73 40.0
75 74 14.0
75 75 0.0
75 76 17.0
76 1 3.0
76 2 23.0
76 3 12.0
76 4 21.0
76 5 5.0
76 6 23.0
76 7 8.0
76 8 16.0
76 9 17.0
76 10 26.0
76 11 29.0
76 12 32.0
76 13 15.0
76 14 22.0
76 15 30.0
76 16 26.0
76 17 19.0
76 18 10.0
76 19 36.0
76 20 25.0
76 21 35.0
76 22 24.0
76 23 28.0
76 24 30.0
76 25 34.0
76 26 35.0
76 27 9.0
76 28 15.0
76 29 22.0
76 30 16.0
76 31 11.0
76 32 40.0
76 33 24.0
76 34 16.0
76 35 10.0
76 36 20.0
76 37 30.0
76 38 30.0
76 39 30.0
76 40 25.0
76 41 16.0
76 42 34.0
76 43 34.0
76 44 30.0
76 45 22.0
76 46 12.0
76 47 12.0
76 48 24.0
76 49 18.0
76 50 28.0
76 51 31.0
76 52 11.0
76 53 14.0
76 54 25.0
76 55 27.0
76 56 45.0
76 57 36.0
76 58 27.0
76 59 23.0
76 60 40.0
76 61 41.0
76 62 31.0
76 63 20.0
76 64 21.0
76 65 41.0
76 66 34.0
76 67 39.0
76 68 7.0
76 69 4.0
76 70 34.0
76 71 39.0
76 72 37.0
76 73 24.0
76 74 18.0
76 75 17.0
76 76 0.0
