Starting time = 51658-07-09 12:49:44, total reqs = 70, total truck = 70
2 1568018242 4670.0 0 31
4 1568018245 4633.0 0 39
5 1568018246 4527.0 0 42
6 1568018247 4420.0 0 37
7 1568018248 4122.0 0 42
8 1568018250 3820.0 0 37
9 1568018251 3055.0 0 34
10 1568018252 2994.0 0 28
11 1568018254 2875.0 0 22
12 1568018267 2237.0 27 10
13 1568018269 2751.0 0 21
14 1568018288 2268.0 39 4
15 1568018295 2826.0 0 17
20 1568018320 2779.0 0 15
22 1568018328 2521.0 19 12
24 1568018343 2835.0 0 15
30 1568018371 2565.0 7 18
31 1568018373 2683.0 0 23
32 1568018375 2864.0 0 18
33 1568018381 2819.0 0 18
35 1568018390 2976.0 0 14
42 1568018418 2844.0 0 14
48 1568018441 2597.0 25 11
49 1568018445 2828.0 0 18
50 1568018448 2953.0 0 13
57 1568018476 3188.0 0 12
58 1568018487 2466.0 30 7
59 1568018490 2866.0 0 19
60 1568018493 2895.0 0 18
61 1568018503 2972.0 0 12
63 1568018511 2905.0 5 17
65 1568018519 2865.0 0 18
66 1568018528 2667.0 17 9
67 1568018533 2882.0 0 18
68 1568018539 2964.0 0 15
71 1568018550 2796.0 0 15
74 1568018562 2839.0 0 14
81 1568018597 2494.0 22 9
82 1568018601 2861.0 0 17
84 1568018610 2459.0 22 13
85 1568018615 3058.0 0 17
88 1568018628 2772.0 6 12
89 1568018633 2713.0 8 17
90 1568018636 2752.0 0 17
93 1568018646 2968.0 0 14
95 1568018654 2862.0 7 16
96 1568018658 2819.0 0 17
97 1568018662 2856.0 0 16
103 1568018682 2699.0 20 13
104 1568018691 2916.0 0 16
108 1568018707 2835.0 0 15
111 1568018723 2509.0 22 9
112 1568018730 2947.0 0 15
113 1568018734 2904.0 0 15
115 1568018746 2340.0 31 10
116 1568018754 2789.0 0 19
117 1568018757 2677.0 0 18
120 1568018777 2445.0 23 8
121 1568018781 2921.0 0 20
122 1568018784 2805.0 0 15
125 1568018798 2306.0 34 6
127 1568018808 2701.0 0 15
140 1568018870 2395.0 31 6
141 1568018876 2904.0 0 17
142 1568018881 2838.0 0 17
143 1568018889 2677.0 11 18
144 1568018893 2983.0 0 18
145 1568018899 2826.0 0 17
148 1568018909 2805.0 0 17
149 1568018913 2796.0 0 16
152 1568018926 2991.0 0 13
153 1568018934 2786.0 0 13
159 1568018968 2638.0 19 13
160 1568018973 2929.0 0 16
164 1568018991 2945.0 0 14
165 1568019000 2661.0 15 10
166 1568019004 2995.0 0 16
172 1568019025 2929.0 0 15
177 1568019046 2949.0 0 14
178 1568019053 2504.0 19 11
179 1568019056 2833.0 0 18
181 1568019070 2768.0 10 15
182 1568019079 2463.0 23 11
184 1568019088 2880.0 0 20
185 1568019093 2806.0 3 16
186 1568019097 2759.0 0 18
187 1568019100 2903.0 0 14
188 1568019105 2817.0 5 12
189 1568019109 2906.0 0 17
190 1568019113 2936.0 0 15
191 1568019118 2917.0 0 13
192 1568019121 2929.0 0 12
193 1568019125 2702.0 6 17
194 1568019138 2270.0 30 9
195 1568019141 2698.0 0 18
196 1568019154 2184.0 32 8
199 1568019174 2922.0 0 18
200 1568019176 2810.0 0 17
201 1568019188 2522.0 30 6
202 1568019198 2814.0 0 17
205 1568019211 3034.0 0 14
207 1568019223 2958.0 1 15
208 1568019227 2913.0 0 17
209 1568019232 2874.0 0 16
211 1568019238 2695.0 0 16
219 1568019267 2967.0 0 14
226 1568019291 2766.0 1 15
227 1568019294 3146.0 0 18
229 1568019300 2896.0 0 16
238 1568019335 2619.0 18 12
239 1568019338 2794.0 0 22
240 1568019340 2848.0 0 20
241 1568019342 2770.0 0 17
242 1568019348 2741.0 17 16
243 1568019351 2767.0 0 22
245 1568019357 2764.0 0 18
246 1568019360 2795.0 0 16
249 1568019369 2842.0 0 13
256 1568019409 2454.0 29 7
257 1568019413 2872.0 0 16
258 1568019420 3048.0 0 14
260 1568019435 3005.0 0 12
265 1568019464 2654.0 14 15
266 1568019467 2787.0 0 18
267 1568019473 2662.0 16 12
268 1568019479 2754.0 0 16
275 1568019503 3066.0 0 15
277 1568019514 2840.0 6 11
278 1568019519 2854.0 0 17
281 1568019533 3098.0 0 11
285 1568019560 2312.0 31 7
287 1568019570 2966.0 0 16
290 1568019581 2931.0 0 15
291 1568019585 2704.0 0 13
305 1568019652 2541.0 7 14
306 1568019657 3005.0 0 18
307 1568019660 2990.0 0 16
308 1568019670 2473.0 28 12
309 1568019675 2966.0 0 13
310 1568019680 2929.0 0 12
315 1568019700 2772.0 2 17
316 1568019703 2817.0 0 16
321 1568019724 2841.0 0 14
323 1568019734 2992.0 0 12
331 1568019766 2971.0 0 12
338 1568019788 2827.0 8 15
339 1568019796 2910.0 0 16
340 1568019803 2941.0 0 15
341 1568019806 2817.0 4 15
342 1568019812 2931.0 0 16
343 1568019818 2838.0 0 16
349 1568019843 2868.0 0 13
356 1568019875 2569.0 7 17
358 1568019884 2772.0 0 18
360 1568019899 2821.0 0 17
366 1568019926 2823.0 0 12
374 1568019973 2792.0 5 14
375 1568019983 2751.0 0 20
376 1568019987 2869.0 0 16
379 1568020001 3078.0 0 13
380 1568020011 2843.0 17 9
381 1568020017 2812.0 0 16
384 1568020034 2765.0 0 15
391 1568020069 2422.0 22 10
392 1568020072 2955.0 0 20
393 1568020082 2738.0 17 9
394 1568020085 2839.0 0 20
395 1568020094 2703.0 20 12
396 1568020096 2752.0 0 23
397 1568020104 2516.0 23 13
398 1568020108 2840.0 0 14
399 1568020114 2805.0 15 12
400 1568020117 2823.0 0 18
401 1568020124 2771.0 0 18
405 1568020140 2887.0 0 17
408 1568020155 2773.0 0 17
413 1568020171 2812.0 0 16
416 1568020182 2689.0 8 17
417 1568020186 2968.0 0 13
422 1568020215 2943.0 0 13
424 1568020227 2745.0 2 13
425 1568020233 2897.0 0 21
426 1568020236 2788.0 0 15
427 1568020242 3023.0 0 14
428 1568020249 2672.0 13 11
429 1568020262 2279.0 37 7
430 1568020268 3002.0 0 20
431 1568020273 2973.0 0 18
433 1568020280 2830.0 0 15
448 1568020358 2899.0 0 13
457 1568020403 2563.0 10 14
458 1568020413 2509.0 21 12
459 1568020416 2928.0 0 19
461 1568020428 2814.0 0 17
462 1568020432 2785.0 8 17
463 1568020437 2832.0 0 16
465 1568020449 3147.0 0 13
466 1568020454 2757.0 0 13
484 1568020536 2721.0 15 14
485 1568020538 2836.0 0 23
486 1568020544 2982.0 0 18
487 1568020549 2892.0 5 16
488 1568020553 2737.0 0 18
489 1568020556 2907.0 0 14
492 1568020570 2757.0 10 15
494 1568020580 2811.0 0 15
500 1568020624 2318.0 34 7
501 1568020627 2579.0 0 19
502 1568020632 2949.0 0 15
507 1568020649 2774.0 0 14
512 1568020677 2840.0 0 13
532 1568020748 2740.0 7 16
533 1568020752 2974.0 0 17
535 1568020760 2883.0 0 17
537 1568020777 2754.0 15 12
538 1568020779 2735.0 0 20
539 1568020782 2560.0 0 17
540 1568020793 2318.0 37 7
541 1568020797 2840.0 0 17
542 1568020802 2818.0 0 14
549 1568020846 2619.0 11 15
550 1568020850 2795.0 0 17
555 1568020866 2805.0 0 15
559 1568020881 2894.0 0 12
574 1568020947 2721.0 7 14
575 1568020951 2836.0 0 18
576 1568020955 2685.0 6 17
578 1568020963 2933.0 0 18
580 1568020973 2801.0 3 16
581 1568020977 2802.0 0 20
582 1568020984 2789.0 16 11
583 1568020987 2872.0 0 20
584 1568020997 2766.0 9 12
585 1568021000 2859.0 0 17
587 1568021009 2739.0 0 16
588 1568021013 2865.0 0 15
589 1568021024 2683.0 8 14
590 1568021028 2881.0 0 19
592 1568021035 2822.0 0 16
596 1568021053 2821.0 14 15
597 1568021056 2910.0 0 21
598 1568021067 2654.0 0 16
611 1568021116 2824.0 0 15
614 1568021129 2935.0 0 14
616 1568021135 2833.0 8 14
617 1568021137 2834.0 0 17
622 1568021152 2819.0 0 15
623 1568021160 2771.0 12 13
624 1568021167 2844.0 0 15
645 1568021263 2710.0 0 15
653 1568021292 2912.0 0 14
656 1568021302 2787.0 8 12
657 1568021308 2898.0 0 14
659 1568021315 2727.0 7 14
662 1568021329 2988.0 0 16
663 1568021336 2774.0 10 12
665 1568021346 3106.0 0 19
666 1568021351 2911.0 0 18
669 1568021363 3023.0 0 17
670 1568021369 2975.0 0 15
672 1568021379 2799.0 4 16
673 1568021383 2693.0 0 17
677 1568021394 2621.0 0 17
682 1568021419 2865.0 0 16
684 1568021427 2932.0 0 14
686 1568021436 2840.0 12 16
687 1568021439 2782.0 0 20
688 1568021446 2553.0 24 11
689 1568021453 2866.0 0 20
690 1568021455 2879.0 0 15
692 1568021467 2865.0 0 14
695 1568021492 2280.0 40 4
698 1568021515 2859.0 0 20
699 1568021521 2859.0 0 16
700 1568021525 2835.0 0 16
705 1568021548 3112.0 0 13
709 1568021567 2607.0 29 8
710 1568021576 2540.0 26 9
712 1568021587 3002.0 0 19
713 1568021594 2866.0 0 12
723 1568021632 2590.0 13 15
724 1568021635 2787.0 0 23
725 1568021639 2814.0 0 15
731 1568021659 2798.0 0 15
734 1568021674 2880.0 0 14
746 1568021725 2762.0 0 14
750 1568021743 2933.0 0 13
752 1568021768 2275.0 33 7
755 1568021791 2887.0 0 19
756 1568021797 3017.0 0 17
758 1568021804 2655.0 0 17
759 1568021808 2817.0 0 16
761 1568021820 2218.0 33 10
762 1568021822 3044.0 0 21
763 1568021825 2837.0 0 21
764 1568021832 2905.0 0 15
774 1568021876 2792.0 12 15
775 1568021879 2697.0 0 18
776 1568021884 2837.0 0 15
780 1568021903 2545.0 24 8
781 1568021907 2966.0 0 17
784 1568021920 2794.0 0 17
785 1568021926 2772.0 9 13
786 1568021934 2813.0 0 18
788 1568021941 2840.0 0 17
789 1568021945 2931.0 0 16
790 1568021948 2920.0 0 16
795 1568021967 2802.0 9 16
796 1568021973 2949.0 0 15
800 1568021992 2884.0 0 15
804 1568022015 2597.0 16 15
805 1568022020 2721.0 0 17
807 1568022029 2988.0 0 16
808 1568022041 2344.0 33 6
809 1568022043 2963.0 0 17
810 1568022047 2931.0 0 15
814 1568022068 2817.0 0 13
821 1568022109 2521.0 19 14
822 1568022113 2948.0 0 16
823 1568022120 2665.0 17 15
825 1568022134 2952.0 0 13
831 1568022167 3061.0 0 12
839 1568022205 2747.0 10 12
840 1568022208 2799.0 0 17
842 1568022223 2910.0 0 15
843 1568022247 2274.0 37 4
844 1568022252 2866.0 0 19
845 1568022255 2773.0 0 15
846 1568022259 2687.0 10 18
847 1568022262 2841.0 0 17
850 1568022282 2863.0 0 13
851 1568022290 2534.0 16 18
852 1568022295 2888.0 0 18
854 1568022305 3011.0 0 16
856 1568022313 2853.0 2 15
857 1568022318 2873.0 0 19
858 1568022323 2921.0 0 17
859 1568022327 3002.0 0 16
863 1568022340 2809.0 0 16
867 1568022359 2863.0 0 13
879 1568022418 2664.0 19 11
880 1568022422 2852.0 0 22
881 1568022428 2982.0 0 12
883 1568022442 2609.0 24 11
884 1568022452 2541.0 21 13
885 1568022455 2929.0 0 20
886 1568022461 2898.0 8 9
887 1568022465 2877.0 0 17
890 1568022477 2810.0 0 17
895 1568022521 2207.0 35 4
896 1568022523 2964.0 0 23
897 1568022530 2575.0 22 10
898 1568022536 2884.0 0 15
900 1568022546 2880.0 0 14
904 1568022566 2744.0 7 13
905 1568022568 2843.0 0 19
907 1568022585 2777.0 0 17
910 1568022599 2868.0 0 15
911 1568022606 2615.0 20 10
912 1568022609 2875.0 0 19
915 1568022624 2865.0 0 15
916 1568022629 2471.0 19 16
917 1568022632 3061.0 0 16
920 1568022644 2569.0 16 8
921 1568022648 2859.0 0 20
923 1568022655 3012.0 0 15
927 1568022675 2955.0 0 15
930 1568022688 2970.0 0 13
935 1568022731 2256.0 32 5
936 1568022737 2804.0 0 17
941 1568022755 2927.0 0 16
944 1568022773 2844.0 13 13
945 1568022777 2829.0 0 18
948 1568022786 2864.0 0 16
955 1568022809 2753.0 15 15
956 1568022812 2733.0 0 18
957 1568022818 2917.0 0 16
959 1568022827 2875.0 0 16
961 1568022840 2721.0 7 14
962 1568022845 2993.0 0 19
963 1568022853 2747.0 0 15
992 1568022964 2736.0 0 14
1002 1568022993 2736.0 0 14
route[1] = 1  -> 2
route[2] = 3  -> 4
route[3] = 5  -> 6
route[4] = 7  -> 8
route[5] = 9  -> 10
route[6] = 11  -> 12
route[7] = 13  -> 14
route[8] = 15  -> 16
route[9] = 17  -> 18
route[10] = 19  -> 20
route[11] = 21  -> 22
route[12] = 23  -> 24
route[13] = 25  -> 26
route[14] = 27  -> 28
route[15] = 29  -> 30
route[16] = 31  -> 223  -> 251  -> 829  -> 830  -> 252  -> 224  -> 32
route[17] = 33  -> 34
route[18] = 35  -> 36
route[19] = 37  -> 38
route[20] = 39  -> 221  -> 243  -> 695  -> 337  -> 696  -> 338  -> 839  -> 840  -> 323  -> 324  -> 327  -> 328  -> 499  -> 349  -> 500  -> 287  -> 350  -> 288  -> 455  -> 665  -> 456  -> 666  -> 244  -> 222  -> 40
route[21] = 41  -> 42
route[22] = 43  -> 197  -> 209  -> 321  -> 322  -> 210  -> 198  -> 44
route[23] = 45  -> 46
route[24] = 47  -> 48
route[25] = 49  -> 50
route[26] = 51  -> 52
route[27] = 53  -> 54
route[28] = 55  -> 195  -> 177  -> 283  -> 284  -> 178  -> 196  -> 56
route[29] = 57  -> 58
route[30] = 59  -> 60
route[31] = 61  -> 62
route[32] = 63  -> 205  -> 215  -> 367  -> 627  -> 628  -> 368  -> 347  -> 339  -> 348  -> 340  -> 811  -> 813  -> 814  -> 812  -> 297  -> 317  -> 298  -> 301  -> 318  -> 319  -> 302  -> 809  -> 320  -> 827  -> 828  -> 810  -> 216  -> 206  -> 64
route[33] = 65  -> 66
route[34] = 67  -> 68
route[35] = 69  -> 70
route[36] = 71  -> 72
route[37] = 73  -> 74
route[38] = 75  -> 76
route[39] = 77  -> 78
route[40] = 79  -> 80
route[41] = 81  -> 82
route[42] = 83  -> 84
route[43] = 85  -> 86
route[44] = 87  -> 88
route[45] = 89  -> 90
route[46] = 91  -> 92
route[47] = 93  -> 227  -> 211  -> 817  -> 818  -> 819  -> 837  -> 820  -> 838  -> 805  -> 823  -> 824  -> 806  -> 801  -> 802  -> 325  -> 825  -> 326  -> 335  -> 826  -> 336  -> 305  -> 306  -> 212  -> 228  -> 94
route[48] = 95  -> 96
route[49] = 97  -> 163  -> 203  -> 333  -> 345  -> 334  -> 346  -> 341  -> 342  -> 307  -> 308  -> 833  -> 834  -> 821  -> 309  -> 310  -> 822  -> 303  -> 304  -> 329  -> 330  -> 835  -> 807  -> 836  -> 808  -> 285  -> 343  -> 344  -> 281  -> 282  -> 291  -> 286  -> 292  -> 204  -> 164  -> 98
route[50] = 99  -> 100
route[51] = 101  -> 102
route[52] = 103  -> 247  -> 171  -> 601  -> 779  -> 780  -> 561  -> 562  -> 602  -> 172  -> 248  -> 104
route[53] = 105  -> 106
route[54] = 107  -> 153  -> 151  -> 293  -> 294  -> 152  -> 154  -> 108
route[55] = 109  -> 110
route[56] = 111  -> 249  -> 257  -> 395  -> 313  -> 396  -> 314  -> 311  -> 312  -> 331  -> 815  -> 816  -> 332  -> 725  -> 315  -> 726  -> 316  -> 419  -> 420  -> 258  -> 250  -> 112
route[57] = 113  -> 231  -> 219  -> 299  -> 803  -> 804  -> 300  -> 831  -> 832  -> 220  -> 232  -> 114
route[58] = 115  -> 116
route[59] = 117  -> 118
route[60] = 119  -> 193  -> 269  -> 761  -> 545  -> 546  -> 762  -> 270  -> 194  -> 120
route[61] = 121  -> 201  -> 225  -> 503  -> 504  -> 289  -> 290  -> 226  -> 202  -> 122
route[62] = 123  -> 124
route[63] = 125  -> 126
route[64] = 127  -> 173  -> 165  -> 295  -> 296  -> 166  -> 174  -> 128
route[65] = 129  -> 130
route[66] = 131  -> 132
route[67] = 133  -> 134
route[68] = 135  -> 136
route[69] = 137  -> 138
route[70] = 139  -> 140

end time = 51658-09-02 13:38:51, total runtime = 4754.949, #RejectedReqs = 0, nb Trucks = 14, cost = 3295.0
