
x00 = [0 3 5 6 8 9 10 12 14 26 27 29 32 34 37 41 45 48 51 53 57 63 240 501 506 537 677 825 965 990 994 1099 1102 1268 1370 1423 1470 1796 1805 1835 1849 2057 2070 2098 2112 2389 2467 2550 2748 2951 2963 3252 10000];
y00 = [0.0 2.4281810965929904 3.5462968616436683 18.763737941140555 22.82749725241177 30.307424593967518 30.460449993894247 31.781200390768102 31.841494687996093 33.14583587739651 34.31470570277201 34.51047136402491 34.87032910001221 34.96649468799609 35.13325802906338 36.05565053391406 44.527762513398734 44.556001614632095 45.24328028113594 45.41958385910639 45.62260010040569 45.7882186130446 45.81912898061085 46.401846650656026 46.523961683016516 47.8279212629408 48.62586667752134 50.751431459546005 50.999477619028234 51.17845246333157 51.6394367104924 51.7546827722826 51.8741265383102 51.87756102359534 52.03592895618784 52.13171293469559 52.15117501797805 52.49080745173064 52.73274785959485 53.449028846284314 53.46925414851901 53.88864296278205 54.014192480427674 54.39961805131545 54.898000027136675 55.02469437321068 55.31090148030556 55.31967849825647 55.44904411066336 55.454005033853 55.53872233755309 55.954676666530986 55.954676666530986];
h00 = plot(x00, y00, 'k-o', 'linewidth',2);
hold on
x01 = [0 4 12 14 20 24 25 29 30 31 38 39 40 41 42 43 45 48 49 51 56 57 58 143 184 193 355 370 374 396 404 426 467 509 522 543 737 746 831 905 1406 1614 1860 1915 1992 2120 2371 2383 2831 3416 3472 3662 10000];
y01 = [0.0 0.12516790816949566 8.598806325558677 9.348287336671143 10.353065087312249 10.359552448406399 11.230766882403223 13.376556966662596 14.040939064598852 16.0669037733545 16.350439614116496 16.660306508731225 17.01215044571987 17.287290878007084 20.664916351202834 20.8084015142264 20.90036939797289 34.43071498351447 34.71844852851386 35.920899987788495 42.8589842742975 43.58552631578947 45.11883319086579 45.14745390157528 45.242856270606914 46.78303211625351 47.21844852851386 47.61532238368543 47.85268347783612 48.74641287092441 49.90726889730126 50.0503724508487 50.05838624984736 52.53617657833679 52.65104103065087 52.854057271950175 53.00636185397756 53.08802628186863 54.11722703898183 54.26567312519504 54.303070853855445 54.53203653953135 54.5946204936161 55.17428528785227 55.30097963392627 55.34066701944343 56.005812336331935 56.01993188694862 56.226764223009184 56.42176666530983 56.4458080623058 57.7211469315206 57.7211469315206];
h01 = plot(x01, y01, 'k-o', 'linewidth',2);
hold on
x02 = [0 6 8 10 11 18 19 24 25 26 27 32 54 63 65 67 68 74 84 85 121 10000];
y02 = [0.0 0.2228599340578825 1.4909482232262792 2.4102454512150446 20.238319357946295 21.5583065358679 25.19809771916256 25.95750057665432 27.04661402151938 27.919354893420714 28.118131029429723 28.23757479545732 30.909222737819025 30.958450360239347 31.296174746611307 38.743283673220176 39.74882464281353 40.301776773720846 48.252610208816705 48.255663084625716 48.330076932470384 48.330076932470384];
h02 = plot(x02, y02, 'k-o', 'linewidth',2);
hold on
x03 = [0 6 9 10 11 12 14 19 21 27 31 32 34 37 44 46 53 57 58 61 69 75 77 78 98 115 125 190 266 679 765 1154 1215 1341 1376 1641 1695 2088 2273 2542 3514 10000];
y03 = [0.0 1.1352881914763708 2.5602179753327636 20.158138966906826 20.213090731469045 32.226157039931614 40.326199780192944 41.03026926364635 42.41016912931982 42.771171693735496 42.90015569666626 42.90091891561851 42.911985590426184 42.995939675174014 42.998992550983026 43.03639027964343 43.53210098913176 43.68588960801075 44.81316400048846 44.90818476004396 45.696589937721335 47.01581389669068 47.35625195044843 48.18548934207134 48.592285043622205 48.68650018317255 48.95095555012822 49.20319941384785 49.730583709854685 50.76131090487239 51.14063072414214 52.07557394065209 52.172121138112104 52.19120161191843 52.95861826840884 53.00784589082916 53.12614482842838 53.49248992550983 53.504701428745875 53.533322139455365 53.86952008792282 53.86952008792282];
h03 = plot(x03, y03, 'k-o', 'linewidth',2);
hold on
x04 = [0 15 16 20 21 23 26 28 29 31 32 33 41 42 43 45 48 52 63 69 96 101 102 208 258 278 336 595 811 823 841 860 1126 1170 1346 2092 2370 2550 2562 2876 2881 2994 10000];
y04 = [0.0 1.1352881914763708 19.771950177066795 20.421831114910244 22.09595188667725 34.06780437171816 36.661985590426184 36.782192575406036 37.42673098058371 37.47214250824276 37.508013798998654 37.52060691171083 40.24568018073025 41.604973134692884 42.137360754942264 42.197655052170255 42.64528296766665 42.88603614604958 42.973043106606426 43.41040996730031 43.56458019565542 44.53997401663478 45.33639299331081 47.973653681768226 48.24001709610453 48.359079252656 48.871580779093904 49.448192697521065 49.48711686408597 49.7481377457565 50.26331053852729 50.672395896934916 50.76817987544267 50.85175235071437 51.25396873855171 51.39287458786177 52.21333496153377 52.22211197948467 52.32285688118208 52.451459274636704 52.50259494443766 53.12347356209549 53.12347356209549];
h04 = plot(x04, y04, 'k-o', 'linewidth',2);
hold on
x05 = [0 16 21 23 25 26 27 29 31 32 33 34 42 44 47 48 52 60 64 75 80 93 96 116 118 127 128 133 134 138 140 142 145 148 149 157 158 160 163 166 169 181 195 206 311 393 395 405 528 585 1211 1474 1564 1735 1780 1942 2041 2286 3244 10000];
y05 = [0.0 0.5911130785199659 1.6981621687629747 2.467486872634021 2.5560202710953717 2.9372481377457564 3.3096989864452313 17.852454512150445 21.814324093295884 32.937858712907556 37.07030772988155 37.40154475515936 37.47252411771889 38.98331603370375 39.17183111491025 40.53226889730126 41.56414092074734 41.972081450726584 43.02952130907315 43.97934729515203 44.27852912443522 44.31478202466724 44.40827634631823 44.879564049334476 44.88452497252412 45.08983087068018 46.176654658688484 47.36307851996581 47.72904200757113 48.14537794602516 48.188542217880354 48.51672636734916 48.51977924315817 49.60431337430971 50.237785104679716 50.42362891955333 50.830043011628064 51.13647542095765 51.9691472978657 52.21986472368082 52.41410394702921 52.44768558092834 52.58468338285776 53.218918332180024 53.63105656639666 54.0260223741876 54.09165920408135 54.156532815022864 54.929673613655176 54.93921385055834 55.070487510345856 55.235724413508635 55.70968338285776 55.76387192846773 55.96803299819541 56.001614632094544 56.034814656517554 56.24813435367227 56.88809344513643 56.88809344513643];
h05 = plot(x05, y05, 'k-o', 'linewidth',2);
hold on
x06 = [0 4 8 10 15 17 20 21 26 30 33 35 39 40 42 70 102 151 163 165 213 252 254 318 342 346 375 453 464 467 472 563 576 634 893 895 951 965 1149 1268 1270 1285 1314 1438 1483 2019 2361 2413 2446 2506 2646 2714 10000];
y06 = [0.0 0.03777933813652461 0.6334717303700086 0.6430119672731713 1.141393943094395 1.3081572841616802 3.949276468433264 4.152674319208694 4.175570887776285 5.399392477714007 6.337770179509097 6.497664550006106 7.10976614971303 8.037458786176579 9.282268897301257 9.289901086823788 10.037474050555623 13.525384662351936 13.617734155574551 14.214189766760288 14.262272560752228 29.843005861521554 37.770561118573696 39.302341555745514 39.57633715960435 39.5957992428868 44.02971974600073 44.075131273659785 45.39588167053364 46.1854740776923 46.42321678131911 46.55449044110664 46.60906059619273 46.61020542462111 47.136063282723434 47.47913020176117 47.83822471879622 48.97122325341583 49.79015718918332 50.407601321556015 50.9010223741876 51.05404777411432 51.232259399465406 51.33109625378217 51.7848299208966 51.96270233782445 52.06802655323537 52.537406208870976 52.54084069415612 52.57060623329399 52.678220105561664 52.682417809799055 52.682417809799055];
h06 = plot(x06, y06, 'k-o', 'linewidth',2);
hold on
x07 = [0 3 7 8 10 14 15 17 18 24 37 40 42 49 51 52 54 57 66 74 82 83 88 89 91 93 95 99 108 111 122 342 396 410 420 426 467 548 636 720 721 732 735 893 982 1148 1217 1539 1710 1732 1763 1827 1990 2029 2039 2068 2069 2199 2316 2766 2936 3015 3137 3217 10000];
y07 = [0.0 1.8996519721577727 3.0276895835877395 6.765936011723043 7.286451337159605 8.05806569788741 17.8978660398095 18.09172365368177 18.12873977286604 29.41484002930761 40.24987788496764 40.70513798998657 43.134845524484064 43.72481377457565 44.645637440468924 45.06006533154231 45.63247954573208 45.7580290633777 46.47087556478203 47.144797899621445 48.23200329710588 48.27588838686042 48.38731835388936 49.08261081939187 49.62602271339602 49.951153987055804 50.98951337159605 51.08148125534253 51.08338930272316 51.207412382464284 51.97215777262181 52.03550494565881 52.89527109537184 53.63979118329466 53.94965807790939 54.03246733422884 54.389272194407134 54.54611368909513 54.960159970692395 54.96664733178654 55.577604103065084 55.71193063866162 55.88708938820369 55.950818170716815 56.745710709488336 57.065499450482356 57.07656612529002 57.16891561851264 57.18379838808157 57.43909512761021 57.658138966906826 57.66500793747711 57.92488399071926 58.23246122847723 58.541183294663576 58.64078336793259 58.685431676639396 58.78121565514715 58.78884784466968 58.85944559775308 59.0468158505312 59.101767615093415 59.134204420564174 59.18534009036512 59.18534009036512];
h07 = plot(x07, y07, 'k-o', 'linewidth',2);
hold on
x08 = [0 4 6 13 15 16 19 22 23 24 25 27 34 38 39 41 42 48 56 79 80 147 174 287 341 353 378 436 528 580 581 689 712 784 883 1070 1078 1105 1167 1228 1229 1282 1296 1374 1412 1600 1675 1676 1684 1707 2243 2414 2567 10000];
y08 = [0.0 0.5231865917694468 1.467670045182562 3.4619611674197093 5.626450116009281 5.865337648064477 19.0220875564782 24.0658200024423 24.677539992673097 40.26827994192752 40.41329154285559 40.604477890394975 40.73460672175411 42.81552319507198 45.458550426724194 45.67797587549694 45.84015990285071 45.90655995169672 46.36029361881114 46.47176598689299 46.47439485217297 46.485079917504514 46.51255579978562 47.72149462015441 47.74782567400714 47.94320972578391 48.00503046091641 48.18286047679136 48.23018005183105 48.45647447117407 48.46029056593533 48.470975631266874 48.70719189698919 48.949895523805644 49.84896744955971 49.88598356874398 50.58547373848388 50.65340022523439 50.74346006160025 50.7499474226944 51.41242147325002 52.00925869391189 52.69043160879771 52.731263822743244 53.44368631361854 53.4906242791821 53.89398549544782 54.06227527441961 54.41717208721727 54.48548018344392 54.693075738456734 55.25175201150595 55.29067617807085 55.29067617807085];
h08 = plot(x08, y08, 'k-o', 'linewidth',2);
hold on
x09 = [0 9 10 11 12 13 17 18 19 20 23 25 30 34 36 38 42 45 47 49 59 62 64 66 75 91 258 260 332 430 466 581 603 708 739 1016 1054 1100 1112 1139 1150 1199 1213 1248 10000];
y09 = [0.0 2.5670869459030405 18.870588594455977 19.301044083526683 20.438240322383685 20.65613933325192 21.33273293442423 22.023446086213212 22.1398793774847 23.717071342315574 24.931734304826257 25.2072563465896 25.24656212263063 25.465605961927245 25.529334744440373 32.0632521946785 33.277533547713055 34.45021946784983 34.61698280891711 35.73429295396263 35.84915740627671 47.260425570887776 47.39666015386494 48.70061973378923 48.77656001953841 49.00934179997558 49.30089143973623 50.19843692758579 50.26445536695567 50.85022591280987 50.86091097814141 50.9326535596532 50.93608804493833 51.02042373916229 51.038359384540236 51.37493894248382 51.835159970692395 51.83744962754915 52.07290267431921 52.119459030406645 52.35147759189156 52.42474661130785 52.63310538527293 52.871611307852 52.871611307852];
h09 = plot(x09, y09, 'k-o', 'linewidth',2);
hold on
x10 = [0 7 12 19 23 29 31 39 44 47 51 82 230 254 378 596 666 730 889 963 1265 1277 1336 1425 1462 1487 10000];
y10 = [0.0 0.16689164314639834 1.0119851106475233 2.32993823373011 4.594019716120587 17.518713952632226 27.757189021147788 34.510164846402425 36.06045731582607 36.11486071910664 36.511228371579335 37.16897778868573 37.175522559005195 42.17818137194748 42.67190248292224 42.79543502270217 42.8060702744713 43.518223094858264 44.21933161533112 44.29091504070029 44.81163332924285 45.404753139444516 46.02405203092404 46.058821123246204 46.91618603509633 47.23728882889516 47.23728882889516];
h10 = plot(x10, y10, 'k-o', 'linewidth',2);
hold on
x11 = [0 2 3 6 8 12 14 16 30 35 36 37 42 47 52 56 58 62 64 68 137 157 165 215 219 310 482 524 525 544 549 656 813 10000];
y11 = [0.0 6.2208041886530046 14.68932793389782 14.773182803615986 24.881580562032152 25.06933366057185 25.88824804679511 26.923139853560762 27.174295414570295 31.780586575039884 31.79449421196875 31.90452816296478 32.89115228862437 33.067452039105 34.08516382378206 34.115433386509594 34.96502638360535 35.15277948214505 40.61725365075469 40.719924735141326 41.27909354931075 41.904119114819814 43.159487871722504 43.393463410643434 43.92440790281016 44.05489426105453 44.315048881253325 45.168732359798746 45.755307399680945 47.69951323270749 47.86517773141899 48.502883789422015 49.12627316235121 49.12627316235121];
h11 = plot(x11, y11, 'k-o', 'linewidth',2);
hold on
x12 = [0 3 4 5 6 17 19 22 27 28 32 33 37 48 61 99 241 252 262 288 582 633 642 667 770 1076 1213 1236 1274 1280 1302 1365 1408 1589 1693 1859 1985 2000 2046 2123 2248 2866 2984 10000];
y12 = [0.0 0.13212255082423202 1.2831840307604205 14.30441362948419 14.42221949523459 26.506728841984703 26.656849511187467 26.91618603509633 32.34957254468851 32.48210414365771 36.44128113879004 36.846238802307035 38.493475682087784 38.536834785454246 41.87957622612181 42.08246410602528 42.093099357794415 42.61463574262691 43.593078905387166 43.666298523336195 45.714402585184274 45.83139035464474 46.253937088395304 46.43350922403567 46.52349981592833 46.7521577289647 46.78201824354726 47.206201169877694 48.93688387123164 48.94711007485581 49.10663885139281 49.131590788235776 49.21299136908414 49.21340041722911 49.82492739395427 49.828199779114 49.834744549433466 50.0895815437477 50.12475968421483 51.05207182885426 51.35803984128932 51.373583670798055 51.503251932752484 51.503251932752484];
h12 = plot(x12, y12, 'k-o', 'linewidth',2);
hold on
x13 = [0 45 90 105 111 113 115 118 119 121 122 126 129 136 137 141 144 153 154 164 182 186 206 350 418 434 455 609 720 892 984 1029 10000];
y13 = [0.0 12.05423978402258 12.34220967807911 12.49682987687651 13.93667934715916 14.896306295250952 21.82108234139158 21.860760011453348 29.86910459361067 30.965353622121324 31.07497852497239 32.36266208532744 32.37125209637174 34.25082832249356 34.32282079600769 34.35922608090972 34.58624780136622 34.86358244365362 41.07334233239252 41.14042622816706 41.185830572258354 41.51797766597129 41.992064465987646 42.02437926944001 42.31848488567104 42.670266290342376 44.26800834458216 45.04847220517855 45.20350145212092 45.58105288992515 45.905837117028675 45.912790935493106 45.912790935493106];
h13 = plot(x13, y13, 'k-o', 'linewidth',2);
hold on
x14 = [0 1 4 5 6 8 9 10 11 18 27 31 34 40 41 44 55 56 68 69 73 74 75 81 87 89 95 98 117 147 207 252 299 311 317 487 565 573 583 595 632 828 909 923 957 1033 1045 1067 1086 1143 1201 1242 1328 1353 1373 2071 2087 2185 2517 2636 2672 2820 2822 3469 3576 3742 4068 4232 4599 5181 10000];
y14 = [0.0 1.4333046999631858 13.701067615658364 16.454779727573936 16.7963349286211 16.86341882439563 23.993537039309526 28.046386059639218 30.422137685605595 30.59066552133186 30.688428027978894 30.705199001922526 31.176422464924123 31.272957827136253 31.465619503415553 36.8208778173191 37.545711130200026 39.141407943714974 39.21953613940361 39.23957949850698 39.277620975988874 39.43469546365607 39.569272303350104 40.89377019675216 41.855851433713745 41.868531926207716 41.99001922526281 43.7693786558678 43.9350431545793 44.02748803534176 44.05571235734446 44.45003476909232 44.58624780136622 45.17895856342292 45.19654763365648 45.25136008508201 45.29267394772365 45.39739027283511 46.474823086677304 46.83601259868286 46.838057839407696 47.03890047858633 48.46197897492535 48.46893279338978 49.12995459565591 49.906327974802636 49.9165541784268 50.2846975088968 51.09706712480059 51.133881457847586 51.16619626129995 51.660326420419686 51.92416247392318 52.22644905305354 52.330756330020044 52.34098253364421 52.35570826686301 52.52382705444431 52.925512332801574 53.076042050149304 53.25561418578967 53.759152452243626 54.18497157115392 54.18988014889352 54.53020820550579 54.72982370024952 54.763365648136784 54.89385200638115 54.92862109870332 54.962981142880516 54.962981142880516];
h14 = plot(x14, y14, 'k-o', 'linewidth',2);
hold on
x15 = [0 2 5 9 10 18 26 27 28 35 37 38 46 47 59 66 201 244 298 459 641 714 774 864 1123 1181 1284 1291 1322 1354 1368 1370 1392 1393 1531 1716 1736 1743 1757 1798 1806 1842 1870 1934 1979 2013 2294 2381 2422 2500 2682 2724 2777 2783 3004 3387 3409 3569 3589 3655 4353 10000];
y15 = [0.0 5.500879453511678 17.85986010553442 18.158056203215118 24.20296968953246 30.24992841657463 30.441771996563997 30.823004867672925 31.769133226980816 32.17531803493271 32.69276393831554 33.141898801488935 39.523458911113835 39.6306295250951 39.840471223463 40.12925921380946 40.35137235652636 40.41272957827136 41.044345363893775 41.23087131799857 41.26973089177041 41.27423042136504 41.39776296114497 41.49838880480677 41.63828327038537 41.87757643519087 42.40647568663276 42.58727496670802 43.10594801452575 43.10758420710562 43.813146807379226 43.917863132490695 44.038941383400825 44.261054526117725 44.279870740786194 44.28068883707613 45.10492084918395 45.14091708594101 45.41047981347405 45.51519613858551 45.54914713461775 45.57164478259091 45.64568249682988 45.728310222113144 46.25311899210537 47.12602773346423 47.28023888411666 47.50521536384832 47.99648218595328 48.14578475886612 48.153556673620486 48.225549147134615 48.430891315907886 48.54828813351332 48.70904405448521 48.89679715302491 48.977788685728314 48.97901583016321 49.02932875199411 49.06041641101157 49.07596024052031 49.07596024052031];
h15 = plot(x15, y15, 'k-o', 'linewidth',2);
hold on
x16 = [0 1 4 6 11 12 15 17 24 25 27 29 41 64 99 120 132 140 180 315 567 571 715 1185 1324 1523 1838 1876 1915 2027 10000];
y16 = [0.0 1.1510614799361885 12.28576103407371 12.356526363152943 12.438335992146275 12.612590501902075 12.794616926412239 24.850901951159653 24.988751176013416 32.23831144925758 32.86947273694114 37.73919090276926 38.98024297459811 39.02523827054444 39.89773796375833 40.079355340123534 40.39473145989283 41.39321798175645 41.81862805252178 41.862805252178184 42.41583834417311 42.839612222358575 43.60085082014153 43.74769910418456 43.77715057062216 43.78901296682619 44.03812328711089 44.570294923712524 45.761034073710476 46.233075633002 46.233075633002];
h16 = plot(x16, y16, 'k-o', 'linewidth',2);
hold on
x17 = [0 9 10 11 13 14 15 16 17 19 20 21 26 28 29 33 49 57 67 69 74 86 186 203 283 341 412 569 678 704 742 832 1175 1277 2614 2761 2895 2925 3046 3241 3705 4645 10000];
y17 = [0.0 1.1510614799361885 1.2831840307604205 9.506687937170206 11.279093549310755 16.6404875853888 16.769746799198266 17.97030310467542 19.580316603264205 25.28490203296928 25.895610913404507 32.66576676074774 32.937374729005604 33.50349736163947 33.67038900478586 39.23017139117274 39.25389618358081 39.35902155683724 39.53082177772324 39.53818464433264 39.84619789749254 40.67042990960036 41.28359307890539 43.05190820959627 43.460547306417965 44.76541088886162 44.97647973166442 45.01452120914632 45.47633656481368 46.4564159201538 46.88550742422383 47.1927025810938 47.235652636315294 47.2479240806643 47.68151511432896 47.74000899905919 47.74655376937866 48.28363398371988 48.40184889761525 48.47547756370925 48.531108111424714 48.682864973207344 48.682864973207344];
h17 = plot(x17, y17, 'k-o', 'linewidth',2);
hold on
x18 = [0 4 8 12 16 19 20 21 22 25 26 27 28 31 49 51 61 63 74 75 86 107 109 111 114 119 125 239 599 1123 1209 1332 1337 1364 1541 1828 10000];
y18 = [0.0 0.16689164314639834 8.457479445330716 9.160633206528408 21.098703317380455 21.355994600564486 22.235857160387777 22.323393463410643 23.127582116415102 32.45510696608991 32.58068474659468 32.637542438745044 32.79584407084714 34.598519245715224 34.725324170654886 37.07366957090849 37.23933406961999 38.18464433263795 38.42230130486358 38.50247474127705 38.93565672679674 39.673579580316606 41.540884362089415 41.91761770360372 42.55900519491144 42.67926534953164 42.926739477236474 43.1104020943265 43.19302981960977 43.4085981920072 44.230375915245226 44.23978402257946 44.31791221826809 44.47007812819569 44.499938642778254 44.75313944451262 44.75313944451262];
h18 = plot(x18, y18, 'k-o', 'linewidth',2);
hold on
x19 = [0 3 6 8 10 11 13 16 17 22 25 26 33 118 167 250 339 480 485 507 574 904 1041 1042 1043 1181 1301 1314 1445 1544 1627 1697 2046 2238 2404 2705 2717 2785 2804 3095 3446 3462 10000];
y19 = [0.0 1.0512537325643228 8.148648095880885 8.179326706753384 18.929521004622245 28.66159446966908 35.48001799811838 35.66408966335338 35.889475191230005 36.2870699881376 36.98122469014603 37.99566408966335 38.241911072933284 39.055507833271975 39.06409784431628 39.08823168486931 40.421319589315665 40.526035914427126 40.54035259950096 40.582484558432526 41.17764960935902 41.18051294637379 41.72904650877408 41.776905141735185 42.18636233484681 42.79216263754244 42.9521004622244 44.028306131631695 44.05612140548943 44.25696404466806 44.72696036323475 44.825540966171715 44.952345891111385 45.01452120914632 45.04151838671412 45.47592751666871 46.04654967889721 46.28625189184767 46.310385732400704 47.02172045649773 47.18820305149916 48.30940401685278 48.30940401685278];
h19 = plot(x19, y19, 'k-o', 'linewidth',2);
hold on
x20 = [0 8 9 10 11 13 19 20 21 24 25 27 29 33 39 45 49 52 54 58 60 67 80 91 93 100 101 104 105 111 113 125 134 151 602 613 902 1141 1187 1290 1340 1706 1741 1863 1942 1945 2118 2367 2696 2949 3134 3231 3239 3274 3332 3438 3465 3622 3748 3811 3901 4076 4139 4232 4299 4375 10000];
y20 = [0.0 0.07275703696966941 11.320161278098617 19.52200142482531 20.046837342549225 20.911206099464934 23.100359237870038 23.126506298031014 31.80619344277204 32.027117153987234 32.45039637427433 34.08364027708305 34.21589134949146 35.03895533021085 35.20190077759083 42.35672168917588 42.40333166598457 42.45903627241447 42.61250814727237 42.99599836296667 43.37380443514771 43.385551665075106 47.93059281827414 48.020402285783575 48.34439846603914 48.94237036363361 49.15988358874085 49.264092886483866 50.20387128067543 50.309975292922864 50.60592969851303 50.902641989904964 51.04891394964607 51.34979461294772 51.4339199369439 51.685916966031556 52.07168083913116 52.07622815394176 52.08191229745502 52.57870644051354 52.686326224364514 52.7098206842193 52.80645112394465 53.4582329134646 54.473420944932016 54.76028072090097 55.51551392236218 55.77887923847635 55.78115289588165 55.83723644521243 56.01912903763661 56.0286026101587 56.6493110818062 56.85735073439134 57.05932730056235 57.08244281751626 57.08736907522774 57.21431494702378 57.40340745456474 57.70163551756021 57.709593318478774 57.86685462234551 58.090430933866884 58.85779030815637 58.882421596713804 58.94646294696315 58.94646294696315];
h20 = plot(x20, y20, 'k-o', 'linewidth',2);
hold on
x21 = [0 3 4 6 7 8 13 14 15 16 17 18 19 21 22 29 30 34 36 38 40 47 50 73 75 78 93 94 97 114 121 345 370 378 425 467 530 534 606 770 1306 1494 1498 1499 1530 1587 1693 1699 1707 1776 1816 1912 1985 2029 10000];
y21 = [0.0 10.718778894396193 10.745683840358934 10.95448137874585 20.58076788989435 21.647871098782836 22.495945310960543 22.62895426917072 22.899140557500797 23.793445803586316 29.76710169311688 30.016067178997467 31.271505009625148 31.990738635502403 32.116926621496674 32.34505024782866 32.55725827232352 32.69708820274961 33.10899913601018 33.15144074090916 34.13403968290058 40.53173267852 45.20826701832568 45.35150743485971 45.35529686386855 45.65087232655783 46.037773028360085 46.52736725630182 46.639534354963395 46.74222788110288 46.78239582859655 46.82824791960348 46.84037409243175 46.84946872205296 47.37013626786716 47.780152486623315 47.9268033892653 48.79117214618101 49.00451699937853 49.17655707637973 49.19777787882922 49.28720840343777 50.09397783941915 50.17696633471269 50.559698664605214 50.62904521546693 50.63889773088991 50.699149652130416 51.50857168841799 51.52069786124627 51.594970669819475 51.64915950464584 52.03719703515074 52.088354326770045 52.088354326770045];
h21 = plot(x21, y21, 'k-o', 'linewidth',2);
hold on
x22 = [0 12 13 14 15 16 17 18 20 22 23 24 31 33 35 52 54 55 58 59 60 77 85 91 96 100 101 124 131 135 137 138 145 151 153 161 163 240 330 370 737 847 851 886 896 914 1007 1017 1038 1103 1184 1206 1354 1519 1606 1610 1620 1793 1810 1816 1954 2262 2375 2384 2748 2847 3064 3429 3869 3893 3990 10000];
y22 = [0.0 1.5441923211010564 1.909872220453822 4.901626422930593 4.999393691358586 5.148318251405878 5.216906916465827 5.4742091461658555 14.043244963848847 15.619268488624135 23.8123929486305 32.69784608855138 33.11089385051461 39.10539159959377 42.46509935882861 42.9626513876889 43.12142846315917 44.25598350840495 44.65425249723371 44.802040228578356 44.92292301396026 45.53946311369803 45.54287359980598 45.81268094523517 45.95061616115684 46.13212981068013 46.31061191699634 46.362527094417416 46.64142906946781 46.78618525760538 47.935140133084744 48.27012565746593 48.53879617419247 48.72106770951753 48.85976081124096 48.88818152880724 49.08447395146499 49.437648735088594 49.69116153577979 49.72867688296727 49.83174935200764 49.90640110348173 50.586224667667075 50.627150500962514 50.67338153487032 51.215269883134006 51.31985812377791 51.42444636442181 51.96330316947842 52.24106831582617 52.341867127461235 52.378624588846954 52.5029178603368 52.5658223818835 53.02396434905189 53.184257196125685 53.192214997044246 53.23882497385294 54.32904369969533 55.01341457869128 55.65799645309445 55.67125945462538 55.67883831264305 56.030118381762236 56.44165037212193 56.74707835023419 56.786109469025206 56.81074075758265 56.82551953071711 56.92783411395571 57.102905734163976 57.102905734163976];
h22 = plot(x22, y22, 'k-o', 'linewidth',2);
hold on
x23 = [0 1 6 7 9 10 12 15 16 17 24 25 27 28 37 41 43 48 49 54 62 73 74 77 80 97 182 215 456 458 553 646 721 926 970 10000];
y23 = [0.0 9.886999226956481 11.688872720658452 12.488821184423932 12.68359783547815 22.157549300471405 22.376957240083065 29.191866369575433 29.53708335228048 30.525366437785156 30.875509678201688 36.50622224243251 36.52100101556697 37.60401982629257 38.263759416731084 39.137222803268 39.17890652236521 43.80542039925424 44.09265911812408 45.236687735891955 45.259045367044095 45.282160883997996 46.33372743395025 46.36480075182271 46.834311006017614 47.53762903005775 47.70891122125718 48.3243144922923 48.3614508965789 48.37054552620011 48.44898670668304 48.639973928728416 48.888939414609005 49.57406817940673 49.74989768541676 49.74989768541676];
h23 = plot(x23, y23, 'k-o', 'linewidth',2);
hold on
x24 = [0 25 28 30 31 33 36 39 41 43 44 46 49 55 56 59 61 63 69 81 109 115 123 127 183 197 384 387 515 583 606 666 879 902 904 1193 1514 1611 1727 1937 2026 2209 2211 2328 2666 2706 2787 2825 3063 3283 3756 3904 4012 4441 10000];
y24 = [0.0 1.8238521819532232 2.2069634547466386 11.167068346141603 11.67333606172222 11.760113986024585 22.226895851333122 23.242462825701423 25.299743834599003 26.219817197944614 36.61459991208525 37.09775211071196 43.27603716671972 43.28513179634093 43.64853803828839 43.669379897837 43.715989874645686 45.85246994982796 46.427326330468524 47.490640110348174 47.7248268230943 47.89648795719461 48.13560092765222 49.183378048595635 49.300850347869584 49.43954344959302 50.06479923605111 50.111409212859805 50.16787170509148 50.18265047822594 50.23267094114259 50.62336107195368 50.67717096387916 50.76622254558683 50.776832946811574 50.92651539266063 51.04133509162839 51.943598138632474 52.011807860791535 52.02166037621451 52.02203931911539 52.043639064465765 52.04704955057372 52.46047625543783 52.46199202704137 52.51618086186773 52.52603337729071 53.00009094629621 53.00880663301654 53.839449471753596 54.27220226456278 54.410895366286205 54.455610628590485 55.11383444742546 55.11383444742546];
h24 = plot(x24, y24, 'k-o', 'linewidth',2);
hold on
x25 = [0 3 5 8 9 10 13 21 22 23 24 25 33 107 237 241 442 488 541 590 605 783 852 1126 1175 1245 1404 1526 1770 1912 2107 2505 2539 2951 2961 2977 2987 3181 3447 3453 3708 3871 4294 4328 4384 4399 4424 4632 4815 10000];
y25 = [0.0 11.192078577599927 11.28150910220848 11.972322010519456 12.779849332302609 20.858154093341216 20.903627241447257 30.07636120500474 31.503081226831853 31.81040391944853 38.6832913127761 43.44205626207354 45.825607108631985 45.83621750985672 46.01469961617295 46.03629936152332 46.223497154559865 46.44783135188301 46.82033222345168 47.24664298694584 47.42171460715411 47.4846191287008 47.813162623766964 47.922298179221464 48.04204413590072 48.646079119909324 50.36269046091246 50.43544749788213 50.44567895620599 50.478646988582874 50.88297906382577 51.70225361553632 52.009576308153 52.160774525605596 52.654158182556166 52.80270379970257 52.835671832079456 53.12556315125548 53.48252736388792 53.70307213220223 53.746650565803854 53.81599711666557 53.84024946232213 54.67047125339154 55.138465735982905 55.30785321267791 55.316189956497354 55.42759916935716 55.61555484819547 55.61555484819547];
h25 = plot(x25, y25, 'k-o', 'linewidth',2);
hold on
x26 = [0 5 9 14 15 16 17 18 19 20 21 22 23 25 28 30 32 33 39 42 44 45 53 57 62 63 99 100 102 104 105 118 122 128 181 294 346 437 476 622 642 658 712 715 818 884 1177 1195 1236 1255 1297 1811 1866 1896 1908 2063 2435 2955 3143 3216 3247 3938 3998 4350 4390 4773 10000];
y26 = [0.0 0.4247949918906219 3.1474997347399696 3.517726948903339 12.079941794370423 12.091310081396935 12.132993800494141 19.692904673123852 21.765343398056782 29.160035165901203 29.236202688978825 29.369590590089885 30.39690479438558 30.44806208600488 31.287041668561383 31.309778242614403 36.24361481212011 36.59489488123929 37.004532157094566 38.01517287375138 38.04018310520971 39.02088733269671 39.09174965516196 39.285010534612645 39.43772452366878 44.313582829339275 44.367771664165645 44.59816894790293 44.66941021326907 45.28064511239447 45.89453261182605 46.164339957255244 46.59747169296531 46.70471253391539 46.8369636063238 46.91275218650054 47.87754081215043 47.880572355357494 48.16250587361496 48.218968365846635 48.635047671016935 48.64262652903461 48.91736013217528 49.18148333409122 50.25843905840268 50.3694693283616 50.95114668121808 51.05459809315932 51.98035560001819 52.65828444969912 52.981143801252024 53.05958498173495 53.46619071438316 53.53212677913692 53.618146817637516 53.618904703439284 53.631788762069334 54.14449850696497 54.14563533566762 55.07745592894063 55.940687857153684 56.38139845088142 56.63453230867173 56.86871902141785 56.975580919467056 57.071453473390626 57.071453473390626];
h26 = plot(x26, y26, 'k-o', 'linewidth',2);
hold on
x27 = [0 5 6 7 10 11 12 16 18 35 37 40 42 43 51 57 69 72 73 80 81 82 84 88 90 92 93 96 98 105 126 138 139 141 178 293 330 420 430 438 522 540 546 732 747 849 1450 1456 1635 1760 2204 3458 3988 10000];
y27 = [0.0 1.5441923211010564 1.7984630075940158 12.39939065981538 13.014414987949616 22.12192866778834 30.136571021478485 30.393494308277628 30.44919891470753 33.53568884240523 33.90288451336153 33.96465220620557 34.167007715277464 40.880360147333 41.48136358813454 42.13314537765449 42.295332939232715 43.02176648022676 43.118775862852985 43.65876949661225 43.68946387158383 43.698179558304155 44.7546723659679 46.9555727343004 47.69943764873509 47.71876373668016 47.94120321949889 48.2337471389811 48.717278280508694 48.96207539447956 49.27205068740242 49.875706728510146 50.27624937474421 50.33574341018296 50.386900701802254 50.74613857183999 51.119397329210436 51.40095190456702 51.50326648780562 51.82877843966471 51.8522728995195 51.86023070043806 51.88183044578843 52.57491701150471 52.839798099222406 53.22442514361936 53.40177042123293 53.43057008170009 53.51583223439892 53.667788337653285 53.726903430191136 53.73107180210086 53.75153471874858 53.75153471874858];
h27 = plot(x27, y27, 'k-o', 'linewidth',2);
hold on
x28 = [0 1 7 9 20 21 23 43 44 46 47 54 57 82 90 102 112 113 131 133 135 139 140 144 146 152 159 165 166 167 169 172 186 187 198 221 341 349 512 577 672 903 937 939 957 967 1093 1324 1494 1574 1602 1940 2064 2069 10000];
y28 = [0.0 0.029936489169811894 0.9162839343367741 2.3699089021266277 2.924302366119473 3.4840010307246905 5.0247828657177935 5.078971700544162 5.0850347869583015 6.151380110045018 6.349188304306307 6.363588134539888 7.134357994937323 8.237081836508874 8.703560547496703 15.797371652039471 16.945568641717067 17.0308307944159 24.791202461613086 28.344171100298606 28.575705212738544 29.1926242553772 34.25075409637276 34.60013945098753 41.2654082393976 41.739086865502216 42.3112906458366 42.43709968892998 42.57394018091576 42.91195724850402 43.034734748390335 43.07755529619019 43.17608045041995 45.05862667724338 46.799490363903075 47.24436932954053 47.712742755032785 47.97151865156958 48.01964439998181 48.9192548466797 49.22506176769284 49.42665939096297 49.857896412168614 50.0905673533112 50.17961893501887 50.632455701574884 50.749170115047065 50.771906689100085 50.97539902687463 51.02882997589923 51.355099813560095 51.359268185469816 51.42672002182711 51.93185090870507 51.93185090870507];
h28 = plot(x28, y28, 'k-o', 'linewidth',2);
hold on
x29 = [0 4 6 7 8 10 11 12 15 16 17 27 30 46 50 51 74 117 166 208 268 436 466 483 497 510 534 581 657 674 693 709 764 774 775 787 848 858 987 1104 1166 1187 1242 1278 1323 1511 1523 1815 1831 1861 2109 2143 2151 2595 2602 2707 2710 2839 10000];
y29 = [0.0 0.9159049914358904 1.0436087490336956 12.372106770951753 12.755218043745169 12.90414260379246 13.910614948539553 22.43910387582799 30.56477649947706 30.832310187500948 31.292346869173752 35.473981780425326 40.82242398826456 40.9516435174659 41.5257420123047 43.264710984459974 43.30791047516071 43.64100128503748 44.81724004938047 44.97298558164367 45.39815951643517 46.24547584281112 46.48042044135901 46.65170263255844 46.71081772509629 46.714228211204244 47.17653855028235 47.364115286219786 48.197031782362146 48.53088047804068 48.712730965698086 48.80102466160399 49.784002546496296 50.52559380352569 50.54795143467782 50.65102390371819 51.16790202052355 51.47257211283404 51.775726433540996 51.8011156079002 51.90646173434587 52.12397495945311 52.192184681612176 52.28578357813045 52.468055113455506 52.48965485880588 52.55293832325345 52.59462204235066 52.80417746653934 52.84737695724008 53.156594364361176 53.20472011277341 53.59010504297213 54.469252573022295 54.50942052051597 55.1502129659103 55.446167371500465 55.44957785760842 55.44957785760842];
h29 = plot(x29, y29, 'k-o', 'linewidth',2);
hold on
x30 = [0 17 25 27 29 33 34 35 36 37 38 46 47 48 53 61 68 73 93 116 128 151 185 187 211 227 241 259 359 362 384 388 550 670 708 1034 2579 2586 2636 10000];
y30 = [0.0 2.7220995929608556 3.816447621554849 6.793706081286325 15.812559486442154 16.18841254733602 16.24632955995221 16.47354245560033 25.421113383690084 26.652761183451126 26.834612502784474 26.9281707539337 27.59684899050242 30.310038273830017 30.463538607966626 30.821976063668213 31.212409631234685 31.286527206820438 35.85954111905389 35.92150827241247 36.14183592879853 36.37593406370871 37.32852716631903 37.591021287989754 38.50387800976084 40.51274781798668 40.67394341953383 40.71525485510622 42.096757862335714 43.2769688746684 43.626091006662485 43.71316903262388 43.764605820052246 43.80956238229278 45.0015188027784 45.60539478746887 46.23681172920759 46.79492112350904 46.87308883983719 46.87308883983719];
h30 = plot(x30, y30, 'k-o', 'linewidth',2);
hold on
x31 = [0 4 7 8 9 10 11 18 19 20 24 33 35 44 48 50 52 138 179 203 251 274 350 458 480 716 1157 1502 1503 1650 1770 2198 2290 2305 2372 2575 2732 2756 2807 2908 10000];
y31 = [0.0 3.1907008768554705 9.994127295923533 10.021668252971791 19.543954152406798 26.295943784046496 26.85850833316458 28.646240456855875 29.730463133593894 29.82807152548551 33.53071019217918 33.78627407302404 33.80611976266175 33.955164941981735 34.857131285312164 35.23946457139385 35.68984022194771 36.55171017192848 37.46663696563456 38.646037949818755 38.85097507138373 39.20536238634293 39.90765679107349 40.288370020858224 41.402563739089935 42.23891780239364 42.25673842166015 43.85087381786517 44.45839492922379 44.97397784573014 45.02622466130698 45.93143111723133 47.35505558818169 48.72967335614913 49.84508211660355 50.06176464632146 50.666045645086164 50.73611307992953 50.98843684818048 51.0913104230372 51.0913104230372];
h31 = plot(x31, y31, 'k-o', 'linewidth',2);
hold on
x32 = [0 3 4 5 8 12 13 16 17 20 22 26 27 29 30 32 37 42 43 46 49 50 52 53 55 60 62 66 76 81 82 131 133 144 219 228 253 428 439 814 982 1071 1209 1252 10000];
y32 = [0.0 0.07290253336303437 1.086247747109212 1.466555962819708 2.538223203256313 3.7334197363358377 7.960551629169114 11.379680443895426 14.22935947024159 15.075838885401268 15.177902432109516 18.414369899354003 28.203155059638323 31.586237621757355 31.910653895222858 32.116446046500116 32.45989798145486 32.649039554124506 35.37680934412471 35.7591426302064 38.29570077560195 39.490087280533 39.59215082724125 39.59782102428059 40.79018245884045 42.7111642129564 43.377817379153925 43.452744982888156 44.60582005224681 45.5373524229967 46.16471922399303 46.52518175006581 48.01968368400802 48.34045483080537 48.344504971547764 48.406472124906344 48.59642372572447 49.20839999189972 49.67821631801705 49.90502419959093 49.91109941070452 50.2197201352747 50.3865859338612 50.56357708430368 50.56357708430368];
h32 = plot(x32, y32, 'k-o', 'linewidth',2);
hold on
x33 = [0 23 24 26 27 28 33 35 40 41 50 57 64 66 70 71 76 77 80 109 132 135 136 149 157 160 216 239 309 358 407 488 489 534 595 676 1083 1143 1345 1398 1417 1533 1534 1891 1912 2171 2255 2266 2402 2724 3432 10000];
y33 = [0.0 1.7237398999615237 2.1085032704886495 2.8237581255948645 15.43954152406796 18.673173892792775 19.75096134590677 21.450805415488187 24.955392199878947 25.013714226569373 35.054013126956164 35.220473911468424 35.40354027302449 37.029266767020154 37.10576942548754 37.169356635143075 37.453676515258906 38.147870638504685 38.5293938964379 42.3049350964946 43.65768210445313 44.49484619590531 44.569368785565295 45.12018792653045 45.20645592434337 47.33277981409854 47.75723456390109 48.418622547133516 48.60249893683805 49.29547801786112 49.728843077296936 49.804580709179646 50.01316295741277 50.36107004718414 51.322978473501955 51.365504951297055 51.65914015512039 51.76039367368016 51.84544662927037 52.527895344363216 53.04631335938924 53.19211842611531 53.725926975962416 53.78708410117252 53.82515542415099 53.94827970271967 54.22287924505377 54.225714343573436 54.26338065247767 54.33263805917256 54.405945606609826 54.405945606609826];
h33 = plot(x33, y33, 'k-o', 'linewidth',2);
hold on
x34 = [0 1 5 6 8 9 10 12 14 17 19 23 31 33 42 44 50 67 68 72 74 243 277 315 387 393 431 481 562 634 643 657 883 885 973 984 1001 1032 1115 1216 1289 1426 1478 1614 2736 3394 10000];
y34 = [0.0 0.49452218464591646 0.5253032542880866 0.5601344646726474 3.928636520119074 14.492618618496993 19.745246147303618 26.881594135396206 36.5861363682388 37.157611226990134 37.32690711002207 37.80482371762419 38.94574836475567 39.35602762195986 40.66908325064296 40.780867135132944 41.30657540349527 42.0862274964055 42.82092302707519 43.579514388124984 43.760150665235614 44.22389178023936 44.28626394767218 45.12342803912436 45.135173447277296 45.50576132520605 45.593244365241695 46.64344585974363 46.66410157752982 47.846337660233694 48.17439906036735 48.74951904578684 49.41333711346469 49.67133107875499 49.75476397804824 49.792430286952474 49.930945100342235 51.2063344201211 51.26182134829185 51.31042303720054 51.322573459427716 51.39588100686499 52.08035479232903 52.47767359915757 52.47807861323181 52.6510196229319 52.6510196229319];
h34 = plot(x34, y34, 'k-o', 'linewidth',2);
hold on
x35 = [0 6 8 9 11 12 15 20 21 24 25 26 28 31 32 33 34 35 36 44 45 51 61 69 75 77 92 96 107 137 150 165 261 596 688 894 948 1006 1041 1272 1430 1453 1530 1704 1725 1801 1805 1820 1910 2219 2351 2401 2554 2744 2781 10000];
y35 = [0.0 0.6974342358396954 13.182803102407808 14.92922379052672 24.613920333731595 25.653996476377554 26.4867054130131 29.635284826147707 30.24159089528361 30.517405479840424 32.17350802940402 33.206293918713676 33.99283125088597 34.926388692007045 35.29130637289646 35.62301289969827 35.63070816710881 35.77246309309248 37.342702658917396 40.50464753650189 40.61238128024949 40.689333954354915 41.65650756363784 41.68607359105729 42.193556226078854 42.290354589821995 42.863449504870296 42.88896539154736 43.18260059537069 43.34946639395719 43.627306048885195 43.63743140074118 43.884084971952774 44.173670035033716 44.179745246147306 44.187440513557846 44.39683278993945 45.15947429173164 46.02741945282599 46.31862457220389 46.96786213320913 47.0525100747251 47.59077377938883 48.24487150928495 48.24770660780462 48.34855511229015 48.68390676576011 48.697677244284236 49.04679937627832 49.10228630444908 49.55063688463174 49.55306696907718 49.653510459488466 49.6652558676414 49.82766651141127 49.82766651141127];
h35 = plot(x35, y35, 'k-o', 'linewidth',2);
hold on
x36 = [0 8 9 10 11 15 18 20 22 23 26 28 31 34 35 44 47 48 50 53 72 85 95 111 167 223 249 252 467 484 504 615 641 649 661 961 983 1113 1348 1549 1932 2116 2265 2385 2713 2931 3761 3922 10000];
y36 = [0.0 1.7237398999615237 4.7560802737895145 8.800955833215204 9.529576152771309 10.388611004232397 12.589862497721796 13.30147222615986 25.328770174763573 29.83738684919301 29.922844818857456 30.904598934812984 37.677244284238874 37.69871003017355 38.76551710171928 39.16445596484478 39.861080172536 40.051841801502604 40.779652092910226 41.50422227172394 42.85251412486584 44.11048783945242 44.46041999959498 44.49808630849922 44.73704461230028 45.49401591705312 45.67424718008951 45.899435005366435 46.0897916202588 46.51343634191288 46.723233632368725 48.462769081225574 49.05246957331767 49.19867965411798 49.301148214900465 49.56724246167554 50.47285393167412 50.48905449464369 50.57167736578846 50.65470525100747 50.97912152447297 51.661570239565826 51.911868937445576 51.933334683380245 51.939814908568074 52.396265770235516 52.41489641765051 52.91306372896458 52.91306372896458];
h36 = plot(x36, y36, 'k-o', 'linewidth',2);
hold on
x37 = [0 10 11 13 15 21 26 27 33 37 38 47 49 50 53 54 56 60 62 71 228 250 287 326 338 346 358 398 412 546 547 618 641 826 939 942 1196 1273 1326 1427 1439 10000];
y37 = [0.0 14.254470342844414 26.421543148624416 26.438958753816696 27.27774290156583 28.07521561374258 28.13637273895268 28.62400968433653 31.906243741970034 35.89765744359617 38.84246977582471 39.039711629979145 39.32281646787226 39.331321763431276 39.95220833923979 40.21911261416334 40.33130151272757 40.37504303274539 40.390028553492236 40.70634454547295 40.83756910552642 41.06599704339726 41.922196796338675 43.13278386423928 43.190295862781234 43.26279338207003 44.57301391223345 44.892975030882326 44.909580607926124 44.915250804965474 45.1124926591199 45.387092201454 45.939531398716106 45.996233369109575 46.723233632368725 46.85693327843143 46.94401130439283 47.01448375331043 47.197145100792255 47.20160025560888 47.308523971208 47.308523971208];
h37 = plot(x37, y37, 'k-o', 'linewidth',2);
hold on
x38 = [0 3 4 6 9 10 11 14 15 17 19 21 29 37 40 41 44 49 53 56 83 229 261 314 351 388 398 556 608 625 651 680 718 724 736 867 937 1054 1123 1181 1240 1345 1373 1589 1704 1824 2111 2225 2785 10000];
y38 = [0.0 0.9906644255887892 2.181000789777445 5.600939632652235 6.814766813146757 7.011198639152711 7.928960531378466 8.532026487920454 9.290212834896012 9.595998460946518 24.55478827889269 28.202345031489845 29.69603693728357 37.253194548510564 39.70474473987971 41.55727911544926 42.5090621899111 42.80350742188291 43.571009092565966 43.708308863733016 43.917701140114616 43.98979364532917 44.69856827524757 47.69769749498795 47.77708025353881 48.170753933699196 48.323444239687326 48.44656851825601 49.037889066645064 49.07515036147506 49.28170753933699 49.32342398898362 49.74099349952411 50.050829266317 50.48419432575282 50.82724124663332 51.45703813207509 51.47728883578704 51.85476195297787 51.95034527449829 52.37403499771617 52.56763172520245 53.00581195196533 53.21560924242117 53.254895607622366 53.398270589903 53.491423826977986 53.513699601061134 53.57242664182581 53.57242664182581];
h38 = plot(x38, y38, 'k-o', 'linewidth',2);
hold on
x39 = [0 1 7 8 15 16 20 26 32 34 37 39 42 52 78 107 120 140 178 180 238 240 246 339 369 375 711 966 1163 1198 1323 1404 1538 1611 1665 1691 1793 1849 1869 2209 2290 2892 3113 3221 3288 3339 10000];
y39 = [0.0 0.49776229723982907 0.766286628460339 0.7812721492071849 1.8796703185435695 1.8991109941070452 2.0327656386059414 2.1089082845628884 2.603430469208805 3.267248536886657 4.2076912172698 4.797796723436139 4.805086976772443 5.09669711022458 19.79344282213807 19.808023328810677 24.997468662036006 30.267106781960674 30.94672039853385 31.28085700978109 37.60312670865313 38.80156335432656 40.03402118223608 43.33326583098763 43.3527065065511 44.58070917964399 44.59204957372269 44.63255098114659 45.62483546303234 45.753224924566126 46.14446852028108 46.7945161094348 47.866993378019885 47.99538283955368 48.29630829671331 49.27401227192645 49.27725238452036 50.18083878414775 51.356999655738036 51.44205261132824 51.52589052469573 51.66076021141735 51.72272736477593 52.536400639922235 52.99001640307001 53.026467669751526 53.026467669751526];
h39 = plot(x39, y39, 'k-o', 'linewidth',2);
hold on
x40 = [0 4 5 6 7 9 12 14 16 17 19 20 23 30 46 98 276 293 365 367 383 384 406 445 459 644 771 954 998 1017 1041 3180 10000];
y40 = [0.0 0.3118424858640652 8.342479920434599 9.339821136342923 11.653478410752424 13.400905809304556 15.124558685427406 16.60095652828574 17.104580161746 26.713449643580283 33.447186879633556 36.832678873563125 37.25626161484481 40.26334246010833 41.207587242591266 41.893085972635525 42.07218737493611 42.40740814118897 42.4755617721529 42.54807406556221 43.06556617043955 43.07032107492541 43.862805155901434 44.3299745216368 44.384655923224145 44.40327929912708 45.63440331892333 45.83133561304587 45.926037460722505 46.61787606341458 46.650367910734595 46.67612364336632 46.67612364336632];
h40 = plot(x40, y40, 'k-o', 'linewidth',2);
hold on
x41 = [0 4 5 6 7 9 11 14 17 23 38 43 205 249 269 374 507 534 564 731 897 928 1175 1210 1240 1388 1559 1808 2071 2189 2202 2269 2620 2905 10000];
y41 = [0.0 7.298778385789175 8.64877501773183 11.628911404242167 13.305807719587433 14.040044220611719 14.106216641373216 23.51577637684203 33.327918025446664 37.913230917973934 38.875306592278825 39.02667105174525 39.35674067147176 39.40111978000642 39.420535639990334 39.64163869858264 40.18686774629415 40.54110813049043 40.98410673175603 41.566582531273404 41.588375843500245 41.92755903015798 42.54807406556221 42.767988398033054 43.23951642621379 43.87231496487314 43.921448977893654 43.92937381870342 45.13791204219185 45.310673571844625 45.33959924080025 45.48066140721398 45.48541631169984 45.54168268144914 45.54168268144914];
h41 = plot(x41, y41, 'k-o', 'linewidth',2);
hold on
x42 = [0 25 26 29 33 34 35 39 43 44 52 56 70 73 79 82 83 127 153 175 235 260 353 398 583 708 733 742 821 1551 1677 1746 1982 2027 2515 2668 3335 3630 3905 4124 4434 10000];
y42 = [0.0 0.3253147152406576 2.1876523055343124 8.259269091932115 9.806990502078289 10.964413502343772 13.779316957970607 13.88828351910481 25.622991548157277 25.700258746052437 25.953853651964767 27.082350983274623 27.368833978547457 34.808674530750366 34.81818433972207 35.144687781084194 35.14627274924615 35.32894032991112 40.20866105852099 40.39132863918596 41.127546350412686 41.47267316767775 41.86297157755843 41.91250183261944 41.92003043138871 43.57830337083104 44.228932801312354 44.370391209766574 44.38544840730512 44.541964013297886 44.63468465077208 44.69174350460235 45.07253210551133 45.08521185080695 45.13830828423234 45.16683771114748 45.18189490868602 45.51077580229107 45.67917866949848 46.02113555043963 46.055608607962085 46.055608607962085];
h42 = plot(x42, y42, 'k-o', 'linewidth',2);
hold on
x43 = [0 3 4 7 9 10 13 18 24 25 31 36 37 45 50 70 137 395 483 670 746 799 846 873 1127 1169 1192 1206 1286 1345 1358 1381 1398 1403 1410 1433 1589 2355 2402 4634 5002 10000];
y43 = [0.0 0.5868344619627454 2.671860079010663 3.7179390658990137 6.461122712197518 17.176299971074332 22.058001909886634 23.60572332003281 27.520594680054366 28.05710640287513 28.523087042489035 29.776004374512127 30.459918136394435 38.68392168672312 38.7009600944641 38.881250222886145 38.97080092403644 39.1570346830658 39.169714428361424 39.254510225025854 39.36189181799811 39.62539277492263 39.82232506904518 40.13694124919266 40.25383265113662 40.25581386133906 40.29028691886152 40.3370434796391 40.35883679186594 40.512182461534806 41.568167499435354 41.64107603488515 42.90231444975849 43.02554572435026 43.14124840017276 43.90876923259804 44.05062388309275 44.06488859655032 44.5811919753062 44.62477859975988 45.12008115036989 45.12008115036989];
h43 = plot(x43, y43, 'k-o', 'linewidth',2);
hold on
x44 = [0 1 3 7 9 11 13 14 18 19 21 24 28 32 35 45 46 52 63 121 122 124 126 544 574 631 672 697 712 839 855 890 936 959 1062 1113 1320 1532 1610 1755 10000];
y44 = [0.0 0.5519651623998003 9.5918310740933 11.86546790241351 12.648442174417822 12.935321411731142 15.458986967599289 16.10208779931133 16.936177294538595 26.031517091900415 26.187240213812206 26.621125248146576 27.32049244960792 31.328480689144158 32.403485344988134 32.71730904105464 35.552420840746365 35.61264963090054 36.8964738420817 37.20910881202674 37.6830142924504 37.82883136334999 39.16892194428044 39.48631181871134 39.88612003756374 40.1718105487556 40.18052787364634 40.38776246082157 40.54229685661189 41.024127177845315 42.75728986293988 42.76838464007354 42.775120754761836 42.842085659604315 42.855557888980904 43.17691018381668 43.19830725400303 43.34887922938848 43.84338929591752 44.15959044422695 44.15959044422695];
h44 = plot(x44, y44, 'k-o', 'linewidth',2);
hold on
x45 = [0 7 8 9 10 11 12 13 15 18 19 34 39 51 59 67 70 71 79 87 89 93 94 95 108 113 242 283 479 544 774 816 845 854 932 991 1203 1382 1545 1570 1636 1770 1877 2989 3495 3666 3677 3708 4225 4227 4276 4309 5369 10000];
y45 = [0.0 9.275233683743378 11.471999556208914 20.369614575367216 21.139512860035424 21.32574661906479 21.475570137262647 22.94523186543268 23.81419066022289 23.965511092795925 31.274988013678275 31.474297760043743 31.563452219153547 33.59260770849266 33.69880057534344 33.7003855435054 33.93258337923137 35.119328290492966 35.48307848366096 36.534352643969044 42.014380063918246 42.624196564229294 43.991627845953424 44.3922285488868 44.49961014185905 44.58202848628056 44.76231861470261 44.82928351954508 45.952233462288106 46.29894524771512 46.72292423103729 46.735603976332904 47.114411367039445 47.65013060577923 47.933839906768654 48.24370118243028 48.399028062301575 48.537316534431895 48.54127895483677 48.78417532565592 48.84598908397205 48.97437150509017 48.9898249446692 49.03697774748728 49.0659034164429 49.15941653799807 49.87344469495747 49.96141042794581 50.35527501619089 50.50346953933341 50.57043444417588 50.57162317029734 50.60807743802224 50.60807743802224];
h45 = plot(x45, y45, 'k-o', 'linewidth',2);
hold on
x46 = [0 7 8 10 11 13 19 20 21 22 24 28 30 32 33 34 37 38 41 44 48 49 51 52 59 78 82 83 102 108 113 115 128 158 162 166 168 169 177 209 216 358 445 470 522 544 694 720 724 787 908 1312 1322 1456 1674 1722 1745 2003 2154 2181 2228 2251 2282 2360 2389 2415 2554 2563 2649 2721 10000];
y46 = [0.0 0.5579087930071205 0.5919856084890894 2.043420202796676 2.780430398104378 3.5471587464486807 4.185504673674868 6.344231310253555 15.041347856924924 16.096936652784986 16.36400378807391 17.2400949395929 17.366892392549065 17.398195513747616 17.769078063644397 19.46063533448772 20.069263108677305 20.74010088322351 30.935848853913924 31.387564780070257 31.390338474353673 34.23614880913858 35.609919963510514 38.8694069885649 38.95380654318884 39.02988501496254 39.08020775410452 39.2394970543807 39.34331246898856 39.37620055834906 39.391653997928096 39.40037132281883 39.74585035523099 40.23917169563856 40.247096536448325 40.35091195105618 41.152509598963434 41.2725709372313 41.47386189379921 41.789666800068154 41.81859246902378 41.92086694236307 42.15861216665588 42.53583458920047 43.116725420555895 43.12187656708224 43.220144593123266 43.36873535830627 43.43094535866289 44.30936993553142 44.654496752796476 45.06302229653962 46.1411968887075 46.222470533900925 46.25496238122094 46.84258932726467 47.445273470846935 47.84032678521348 48.377234750074734 48.400613030463525 48.719984115096864 48.87887717333256 49.43480475613724 49.443918323068466 49.79895119134572 49.91108768880383 50.02401667034291 50.178947308173726 50.7582531713672 50.76340431789354 50.76340431789354];
h46 = plot(x46, y46, 'k-o', 'linewidth',2);
hold on
x47 = [0 1 2 3 5 7 10 11 13 15 17 27 33 34 37 40 50 56 67 70 88 93 164 242 291 523 542 752 828 982 1653 1703 1832 1955 1965 1989 2140 2168 2231 2255 2384 10000];
y47 = [0.0 0.13234484152299592 1.861148864172191 3.320508299289538 4.987894805663092 14.72479449346839 21.452147829980465 23.15519611999794 24.230597017882403 25.232296896236097 36.26010912505795 37.23724199690139 37.296282060934104 37.30698059602728 37.44526906815759 37.772961235641176 37.80109442051583 38.8499471016876 39.62618525900361 39.927725451814986 40.35844054982545 40.481671824417226 40.89931093509159 41.454446033815294 42.01393979498437 42.865463939993106 42.90231444975849 42.9118242587302 42.97878916357268 43.00612986436635 43.41663661831193 44.371976177928524 44.4024868150461 44.67549758094234 44.759500893525804 45.09392917569768 45.179517456443094 45.19497089602213 45.739011217612166 45.829354402843435 46.22955886373632 46.22955886373632];
h47 = plot(x47, y47, 'k-o', 'linewidth',2);
hold on
x48 = [0 3 4 6 8 10 13 25 27 29 31 40 41 44 46 52 54 55 57 62 77 89 149 209 361 378 400 408 452 615 655 926 1300 1367 1393 1416 1903 1959 2595 2657 2781 3084 3659 3888 3966 10000];
y48 = [0.0 6.588712649234658 8.882954063660247 9.593416042255251 23.634648988988435 24.43268045853129 24.863791798582245 31.7001997500153 31.794901597691933 31.893962107813937 32.3579615372254 32.88575593515543 32.994326254249145 34.0336691264492 34.498857281982126 39.21409353689608 39.27115239072635 40.65245214386756 40.84700698574717 41.00590004398287 41.863764061639415 42.804046423717466 43.02990438679563 43.231591585404026 44.1976296801138 44.51383082842323 45.81429720530489 46.380923323202744 46.61629109525263 46.62223472585995 46.70346434415999 46.72565389842732 46.81044969509175 47.1888608437578 47.31843199099738 47.39490670481157 47.39807664113547 47.93696581619917 48.14499288745537 48.542819896105335 48.612954737271714 48.72350626656787 49.25486684286229 49.36938079256333 49.74343327878401 49.74343327878401];
h48 = plot(x48, y48, 'k-o', 'linewidth',2);
hold on
x49 = [0 8 9 12 14 15 16 17 27 29 30 31 39 40 42 44 209 305 430 497 506 556 577 596 673 686 896 929 1012 1111 1341 1359 1620 1807 1986 2039 2150 2169 2416 2437 2491 2504 2744 3135 3507 3596 3654 3832 3856 4391 10000];
y49 = [0.0 2.0291554893391077 2.341790459284149 3.5681595745945454 4.607898688835088 17.251982200807543 17.48933118305986 17.88359201334543 25.382472629581052 26.3493032083718 26.71820454806614 27.217865761121523 27.21905448724299 34.92041478616798 34.99490828977973 35.303184597279404 39.670960609578756 40.25343640909613 40.879895075107676 40.91516061671111 40.93338775057356 40.93735017097844 41.44216253056017 41.505165014997765 42.18551259851568 42.23543909561717 42.294082917609394 42.42484279097044 43.22366674459427 43.34769050326702 44.50233980924908 44.74523618006823 44.83003197673267 45.10819388915525 45.232217647828 45.98309631455278 46.02232427656109 46.07383574182454 46.32743064773686 46.49979593534915 46.50415459779452 47.75310950941273 48.102594989123155 48.65852257192784 48.66922110702101 48.694580597612244 49.16927856211689 49.27864136529158 49.3666511251733 49.82668813417988 49.82668813417988];
h49 = plot(x49, y49, 'k-o', 'linewidth',2);
hold on
grid on
set(gca,'FontSize',20)
xlabel('iterations','fontsize',24);
ylabel('%','fontsize',24);
title('N-150-x','fontsize',24);

