
x00 = [0 3 4 5 12 27 61 88 98 99 109 830 848 937 1066 3597 3598 32225 42815 62440 62460 62467 10000];
y00 = [0.0 0.7400828892835998 10.990903708488078 28.615641315463694 4.749986543947467 22.859142042090532 23.2063081974272 30.023144410355776 38.14790892943646 38.17482103450132 38.18827708703375 38.602723505032564 40.27127401905377 44.07126325421174 45.34689703428602 46.52026481511384 51.178750201840785 51.60934388287852 53.9668442865601 55.18865385650466 55.220948382582485 55.24247806663437 55.24247806663437];
h00 = plot(x00, y00, 'k-o', 'linewidth',2);
hold on
x01 = [0 1 3 4 11 41 51 54 56 63 246 262 487 528 2919 2922 4361 21188 34887 10000];
y01 = [0.0 3.651972657301254 11.184670864955057 -2.5001345605253245 6.5100382151891925 16.997685558964424 17.48748587114484 22.977555304375908 26.002475913665968 30.114645567576297 33.99537111792885 43.14010441896765 43.45497604822649 46.695193498035415 48.1592120135637 48.17266806609613 48.484848484848484 49.633995371117926 53.148716292588404 53.148716292588404];
h01 = plot(x01, y01, 'k-o', 'linewidth',2);
hold on
x02 = [0 1 5 76 78 86 99 165 166 177 301 313 318 370 387 413 17471 25892 25913 26005 40342 43448 10000];
y02 = [0.0 0.7400828892835998 -4.669250228752893 18.687765757037514 20.918779266914257 23.157866408310458 30.892405403950697 35.98686689272835 37.084880779374565 37.76844824802196 38.4251036116045 40.9494590666882 46.549868130685184 48.466010011303084 49.23031379514506 49.28413800527477 50.807363151945744 50.97152699284138 51.16529414930836 51.24872167500942 51.40212067387911 51.4613273050218 51.4613273050218];
h02 = plot(x02, y02, 'k-o', 'linewidth',2);
hold on
x03 = [0 1 3 13 24 25 27 43 61 67 68 109 116 372 394 641 642 700 1179 1240 1242 1523 1711 7018 15061 15291 15367 62105 10000];
y03 = [0.0 -14.443726788309382 -11.071640023682653 4.497012756337801 18.012271919909576 19.0699176489585 20.345551429032778 26.36040691102858 28.21465094999731 30.041982883901177 30.507562301523226 32.29721728833629 32.4479250766995 32.789708811023196 33.56477743689111 34.40443511491469 36.26406157489639 38.78034339846063 40.322407018677 44.14930835889983 44.951289089832606 45.66984229506432 47.94660638355132 48.11346143495344 50.70509715269928 50.807363151945744 51.23795683298348 54.588513913558316 54.588513913558316];
h03 = plot(x03, y03, 'k-o', 'linewidth',2);
hold on
x04 = [0 3 8 18 20 21 47 125 136 946 983 1039 1134 1611 1855 1898 1980 3337 3373 13996 14045 14116 14452 23745 46132 10000];
y04 = [0.0 11.416114968512836 -5.592335432477529 -2.3009849830453737 0.8558049410624899 8.081705150976909 31.697077345389957 38.909521502771945 40.13671349372948 42.4484633188008 43.059368103773075 43.21276710264277 43.215458313149256 43.269282523278974 44.83018461704074 44.843640669573176 44.92975940578072 46.82706281285322 47.787824963668655 47.852414015824316 48.33952311749825 49.36756553097583 49.6582162656763 51.03073362398407 51.03611604499704 51.03611604499704];
h04 = plot(x04, y04, 'k-o', 'linewidth',2);
hold on
x05 = [0 1 15 16 21 68 92 93 99 153 162 283 302 306 310 809 1041 4626 4640 4693 4844 14905 27776 29031 45036 55852 10000];
y05 = [0.0 -5.845309220087195 -5.298993487270574 15.019645836697347 27.40997900855805 32.66860433823133 32.727810969374026 32.94849023090586 34.054577749071534 36.85343667581678 36.86151030733624 38.8610797136552 40.564615964260724 42.00172237472415 42.410786371709996 44.50454814575596 45.20964529845524 46.53372086764627 47.15000807363152 49.25722590020992 50.06997147316863 50.565154206362024 50.92577641423112 51.04957209752947 52.50551698153829 53.00877334625115 53.00877334625115];
h05 = plot(x05, y05, 'k-o', 'linewidth',2);
hold on
x06 = [0 1 34 35 48 194 252 307 401 402 582 1024 1039 1049 1055 1631 1657 1741 2253 2255 6381 6625 24682 24683 24740 24900 24986 29125 29131 29145 29166 10000];
y06 = [0.0 -6.808762581409118 9.758329296517573 23.604607352387102 25.294687550460196 25.921739598471394 31.30146940093654 33.26605307067119 33.467893858657625 34.11378438021422 35.71505463157328 37.41320846116583 37.41589967167232 38.37935303299424 38.45739813768233 39.42085149900425 39.43968997254965 40.26050917702783 41.80526400775069 46.25652618547823 48.93966306044459 50.05113299962323 50.48710910167393 50.758921362829 51.07917541310081 51.09532267613973 51.1760589913343 52.39786856127886 53.11373055600409 53.27520318639324 53.75154744604123 53.75154744604123];
h06 = plot(x06, y06, 'k-o', 'linewidth',2);
hold on
x07 = [0 4 7 8 11 36 37 51 63 76 79 226 254 266 279 289 787 1126 1151 1169 1225 1283 1314 33481 33585 33820 10000];
y07 = [0.0 5.826470746541794 -4.698853544324237 -4.537380913935088 -4.230582916195705 6.10635663921632 10.240055977178535 10.299262608321223 33.532482910813286 33.6616610151246 33.71548522525432 40.47849722805318 40.50540933311804 40.55923354324775 40.57268959578018 40.99251843479197 43.51687388987567 47.809354647720546 48.71629258840626 48.974648797028905 49.154959900963455 51.967274880241135 53.22137897626352 56.001399429463376 56.08751816567092 56.59346574089025 56.59346574089025];
h07 = plot(x07, y07, 'k-o', 'linewidth',2);
hold on
x08 = [0 1 2 3 8 14 16 18 29 47 161 179 180 198 352 694 996 1300 1654 1821 14622 14653 14750 14874 14918 14946 10000];
y08 = [0.0 9.05323214381829 10.896711340761074 12.538349749717423 25.60686796921255 28.57527315786641 28.610258894450723 29.100059206631144 33.70741159373486 38.0079659830992 42.07169384789278 42.652995317293716 47.89547338392809 47.906238225954034 48.91275095537973 52.84191829484902 52.941493083589 53.10027450347166 53.39092523817213 54.4028203886108 55.756499273373166 55.76995532590559 55.864147693632596 56.025620324021745 56.28666774315087 56.42930189999462 56.42930189999462];
h08 = plot(x08, y08, 'k-o', 'linewidth',2);
hold on
x09 = [0 1 4 32 48 54 57 58 74 76 78 82 87 588 589 688 700 715 716 8837 8961 15203 39020 39276 10000];
y09 = [0.0 -2.691210506485817 -2.637386296356101 15.95618709295441 22.791861779428388 23.359707196296895 23.475429248075784 23.84681629797083 26.79100059206631 32.12228860541472 37.64196135421712 39.14096560632973 45.07508477313095 45.82055008342753 47.83895796329189 48.73513106195166 48.88583885031487 50.41444641799882 50.54631573281662 53.69503202540503 53.791915603638515 56.135959954787666 57.274341999031165 57.33354863017385 57.33354863017385];
h09 = plot(x09, y09, 'k-o', 'linewidth',2);
hold on
x10 = [0 4 6 10 12 34 39 40 42 56 59 243 244 263 350 399 426 432 500 1069 2108 4436 35901 35953 10000];
y10 = [0.0 -22.987846510992764 -6.625699849788338 -0.09012699713232282 5.9975419909873 11.129318585279258 17.023077973508126 20.191178478765533 26.003004233237743 26.035777686740406 28.562064727570668 31.317765942919568 31.582684692066092 31.872183531339616 32.46756793663799 33.52178069097364 35.33524511812099 35.41444763075243 35.78041786153216 35.85142701078793 39.819746005735354 41.496654376621606 42.20947699030452 42.3815376211935 42.3815376211935];
h10 = plot(x10, y10, 'k-o', 'linewidth',2);
hold on
x11 = [0 1 2 9 60 62 746 763 776 1023 1064 2646 6256 6266 6334 12308 10000];
y11 = [0.0 1.1088351768400928 22.616414037962585 23.755291547180118 27.70176157312577 32.298238426874235 33.46169602621876 33.57640311347808 34.68250716919295 35.26423596886522 36.310255359825206 37.08589375938823 39.98088215212345 40.035504574627886 41.72879967226547 44.41622285948382 44.41622285948382];
h11 = plot(x11, y11, 'k-o', 'linewidth',2);
hold on
x12 = [0 1 2 13 14 113 192 202 206 635 676 4496 4504 4632 15142 10000];
y12 = [0.0 8.958077290727843 10.238973098456917 16.4713915062133 32.30916291137512 32.713368837907964 33.08207018981292 35.236924757613004 37.37266147753653 40.27857435477264 40.49160180253994 40.81387409531613 41.08152396558788 43.0670490236242 43.49037279803359 43.49037279803359];
h12 = plot(x12, y12, 'k-o', 'linewidth',2);
hold on
x13 = [0 1 5 7 18 20 25 42 226 310 328 2318 2404 3185 4776 4797 4854 4894 5152 7631 11401 11752 11942 12048 24070 55176 10000];
y13 = [0.0 -8.36542400655469 -1.5239655878738223 20.281305475897856 22.31052847193773 28.05134507715417 28.444626519186127 28.887068141472074 29.28581182575447 31.631844872320087 32.78437798716373 33.08753243206336 33.366106786836 33.49993172197187 34.75897856069917 39.746005735354366 40.35777686740407 40.57080431517138 40.62542673767582 40.93131230370067 40.94496790932678 41.61409258500615 42.02922299603988 42.27502389730984 42.30233510856206 42.365150894442166 42.365150894442166];
h13 = plot(x13, y13, 'k-o', 'linewidth',2);
hold on
x14 = [0 2 3 20 28 109 113 121 162 166 210 294 393 416 489 499 591 872 964 10000];
y14 = [0.0 -7.120032773453502 -6.879694114433975 22.299603987436843 23.233647412262734 26.153215895124948 26.82780281305476 27.013519049569847 27.01625017069507 27.44503618735491 27.898402294141746 28.846101324593747 30.61313669261232 30.689608084118532 31.48982657380855 32.07701761573126 36.60248532022395 41.144339751467975 41.19896217397242 41.19896217397242];
h14 = plot(x14, y14, 'k-o', 'linewidth',2);
hold on
x15 = [0 1 4 9 22 23 40 43 140 676 1106 1117 1271 1303 1309 23013 23171 48588 48602 48635 48637 10000];
y15 = [0.0 1.5048477399972688 23.594155400792026 27.559743274614227 28.974464017479175 30.18435067595248 33.322408848832445 33.338795575583774 35.34616960262188 36.27748190632254 37.566571077427284 37.5802266830534 38.29851153898675 38.53065683463062 38.57981701488461 39.95357094087123 40.07100914925577 41.387409531612725 41.88720469752833 41.91451590878055 43.07251126587464 43.07251126587464];
h15 = plot(x15, y15, 'k-o', 'linewidth',2);
hold on
x16 = [0 3 4 7 9 12 16 19 41 42 43 46 55 183 247 281 298 305 313 2462 14801 40669 55347 10000];
y16 = [0.0 0.3004233237744094 -13.08480131093814 -11.230370066912467 -7.611634575993445 -7.535163184487232 -2.9059128772361054 9.651782056534207 9.720060084664755 18.672675133142153 25.874641540352314 30.012290045063498 30.583094360234877 33.950566707633484 35.381674177249764 35.76130001365561 36.03987436842824 37.0203468523829 37.3562747507852 39.606718557968044 41.82712003277345 41.99371842141199 42.217670353680184 42.217670353680184];
h16 = plot(x16, y16, 'k-o', 'linewidth',2);
hold on
x17 = [0 1 2 3 6 7 15 16 23 24 30 33 43 52 67 71 73 164 1371 1376 1381 9748 10369 10440 10443 10492 52908 10000];
y17 = [0.0 5.88283490372798 0.5762665574218216 5.800901269971323 8.108698620783832 14.062542673767581 14.24825891028267 18.107333060221222 20.368701351904956 20.396012563157175 29.064591014611498 29.938549774682507 30.563976512358323 31.593609176566982 32.56042605489554 33.03564113068415 34.4885975693022 38.620783831762935 38.80923118940325 38.943056124539126 40.191178478765536 41.409258500614506 41.802539942646455 42.0701898129182 42.122081114297416 42.2449815649324 44.01747917520142 44.01747917520142];
h17 = plot(x17, y17, 'k-o', 'linewidth',2);
hold on
x18 = [0 2 4 6 13 14 15 17 45 49 51 809 823 1033 1066 1731 4352 4372 4380 4504 4544 10000];
y18 = [0.0 11.694660658200192 16.77454595111293 5.047111839410078 7.010787928444627 19.199781510309982 25.328417315307934 27.97760480677318 28.725931995083982 29.228458282124812 30.99276252901816 31.13204970640448 31.446128635805 34.73439847057217 35.11675542810324 36.66530110610405 36.81551276799126 37.02854021575857 37.083162638263005 40.38508807865629 42.13846784104875 42.13846784104875];
h18 = plot(x18, y18, 'k-o', 'linewidth',2);
hold on
x19 = [0 1 2 3 6 7 8 9 10 11 30 41 71 80 85 171 211 220 256 2502 2517 2711 6443 6533 30596 10000];
y19 = [0.0 1.1088351768400928 6.371705585142701 11.050116072647821 -11.481633210432882 -7.625290181619555 12.858118257544723 14.2018298511539 24.429878465109926 26.030315444489965 26.060357776867406 26.14229141062406 26.30069643588693 26.459101461149803 33.292366516455004 35.49365014338386 35.499112385634305 35.526423596886524 36.58882971459784 37.017615731257685 41.51030998224771 41.56493240475215 41.70148846101325 42.24225044380718 43.129864809504305 43.129864809504305];
h19 = plot(x19, y19, 'k-o', 'linewidth',2);
hold on
x20 = [0 3 62 66 254 265 289 292 306 506 530 589 711 1182 1306 1778 1963 1989 2193 2303 16736 20466 23398 47733 10000];
y20 = [0.0 39.75802082706314 43.453921627641 43.550231746222835 44.239451032324084 44.55546860892073 44.57352675615482 45.368085234454945 45.47342442665383 45.657015590200444 45.813519532895924 48.344669836874736 49.77728285077951 50.47252151929212 51.11057605489677 53.64774574128695 55.68530668753386 55.84181063022934 56.862095948955634 56.886173478601094 57.105880936615904 57.18112321675796 58.60771684825137 59.637031240594716 59.637031240594716];
h20 = plot(x20, y20, 'k-o', 'linewidth',2);
hold on
x21 = [0 2 3 8 43 340 341 388 408 517 615 629 669 679 779 948 10000];
y21 = [0.0 27.872750255823753 36.71221332691266 42.86101246012159 43.44790224522964 44.522362005658216 44.546439535303676 44.55847830012641 45.187503762114005 46.93613435261542 46.97827002949497 51.96532835731054 57.58743152952507 57.62956720640462 58.21645699151267 58.34587371335701 58.34587371335701];
h21 = plot(x21, y21, 'k-o', 'linewidth',2);
hold on
x22 = [0 1 5 42 47 52 87 89 92 3432 3528 3814 3829 3909 37462 10000];
y22 = [0.0 5.661229157888401 5.706374525973635 33.70553181243604 40.96189730933606 45.930897489917534 47.36952988623367 49.58165292241016 50.46349244567507 56.151808824414616 57.26840426172275 57.325588394630714 58.3639318605911 58.77625955576958 61.34051646301089 61.34051646301089];
h22 = plot(x22, y22, 'k-o', 'linewidth',2);
hold on
x23 = [0 2 10 19 52 55 59 189 264 289 367 705 723 3226 5177 5953 6068 7395 7811 8886 8925 8931 8938 8990 10000];
y23 = [0.0 4.111238186962018 11.364593992656353 11.605369289110937 35.16523204719196 38.04249683982423 40.05297056522001 41.2779148859327 41.87082405345212 42.35538433756697 43.481008848492145 46.53885511346536 47.724673448504184 50.38223078312165 51.17979895262746 53.16920483958346 54.37910070426774 56.19695419249985 57.00656112682839 57.38277252753868 57.43995666044664 57.72888701619214 57.80713898753988 58.171311623427435 58.171311623427435];
h23 = plot(x23, y23, 'k-o', 'linewidth',2);
hold on
x24 = [0 3 7 41 49 51 397 610 614 632 893 972 1391 3149 3228 3263 3343 3532 5550 5560 5567 28194 10000];
y24 = [0.0 29.473905977246734 33.09757418888822 37.585023776560526 40.50743393727804 41.02510082465539 41.211701679407696 41.58791308011798 46.126527418286884 46.13856618310961 49.96388370553181 50.55679287305122 51.2580509239752 51.40853548425932 51.54397158851502 54.108228495756336 54.436284837175705 54.50851742611208 55.868897851080476 56.651417564557875 57.60247998555348 58.96587010172756 58.96587010172756];
h24 = plot(x24, y24, 'k-o', 'linewidth',2);
hold on
x25 = [0 9 17 22 26 125 141 150 472 487 497 604 10000];
y25 = [0.0 19.728525853247458 23.267922711129838 33.142719556973454 35.06290254619876 41.26888581231566 41.38626376933727 41.467525431890685 42.39752001444652 53.3828929151869 53.46114488653464 59.6400409318004 59.6400409318004];
h25 = plot(x25, y25, 'k-o', 'linewidth',2);
hold on
x26 = [0 4 7 11 14 66 69 72 73 78 134 148 264 2250 3150 3156 9087 14246 45589 48713 48777 10000];
y26 = [0.0 6.073556853066876 12.26449166315536 17.985914645157408 20.167940769277074 20.757840245590803 21.573466562330704 21.814241858785287 22.139288508998977 22.43122855595016 47.98049720098718 48.642629266237286 48.7931138265214 50.61096731475351 53.048817191356164 53.09095286823572 53.810269066393786 55.34521158129176 56.723650153494255 58.977908866550294 59.558779269246976 59.558779269246976];
h26 = plot(x26, y26, 'k-o', 'linewidth',2);
hold on
x27 = [0 4 5 7 8 14 16 26 28 33 84 86 215 225 342 355 837 2337 2414 2435 14312 10000];
y27 = [0.0 3.1060013242641307 19.740564618070184 20.312405947149824 21.85637753566484 22.60278095467405 30.446036236682115 31.481370011436827 37.609101306205986 37.75055679287305 37.85589598507193 37.90104135315717 41.19063384096792 45.641967134172035 46.86992114609041 48.38078613134292 49.298741949076025 49.55155601035334 56.841028110515865 57.5994702943478 57.60548967675916 57.60548967675916];
h27 = plot(x27, y27, 'k-o', 'linewidth',2);
hold on
x28 = [0 2 5 6 8 11 12 21 24 27 167 171 259 270 316 1347 1683 1686 1944 1958 2205 2348 11872 11951 11993 12160 51260 10000];
y28 = [0.0 4.111238186962018 22.178414494672847 22.690061999638836 25.70878227893818 27.153434057665685 33.801841931017876 35.41202672605791 35.98988743754891 36.54668031060013 36.793474989466084 40.36898814181665 42.304219587070364 44.28459640040932 46.472641906940346 49.86155420453861 50.53271534340577 50.9691205682297 51.483777764401374 52.68765424667429 52.690663937879975 53.04580750015049 56.651417564557875 58.16529224101607 58.52043580328658 58.532474568109315 58.6197556130741 58.6197556130741];
h28 = plot(x28, y28, 'k-o', 'linewidth',2);
hold on
x29 = [0 3 5 6 8 14 16 21 24 40 43 46 47 98 131 167 297 308 551 728 746 1350 1359 1366 4300 4435 4588 4663 4676 4697 16449 16476 17687 41946 41987 42099 50975 51697 61365 10000];
y29 = [0.0 2.501053391921989 3.3588153855414435 4.228616143983627 9.327033046409438 27.905856859086256 31.451273099380003 32.868837657256364 34.23824715584181 39.73394329741768 39.85734063685066 40.11918377174502 40.23355203756095 40.450249804370074 40.850538734725816 41.16956600252814 42.9783904171432 43.34256305303076 45.319930175164025 47.200987178715465 47.42972371034732 49.431168362126044 49.43417805333173 49.59971106964426 50.309998194185276 50.31300788539096 50.818636007945585 51.264070306386564 51.68843676638777 51.80882441461506 53.33473785589599 53.49425148979714 53.65677481490399 53.8072593751881 54.11725756937338 54.14133509901884 54.92686450370192 55.34521158129176 57.18714259916933 57.18714259916933];
h29 = plot(x29, y29, 'k-o', 'linewidth',2);
hold on
x30 = [0 2 4 5 11 13 17 21 22 68 80 126 173 193 210 239 618 775 804 817 1289 1438 1446 1928 3484 3488 3853 4754 4766 5415 5416 5926 19229 19374 19629 10000];
y30 = [0.0 1.462945639746388 6.550774347780896 20.715102380209956 20.87360981186987 27.679035443301114 28.25070159027128 28.661261823095312 34.25579461594429 34.9054152375013 36.84908013719988 37.25444340505145 40.52593285521255 42.48259016734227 44.571770086269616 46.20881405259328 49.145099262030975 49.53227315247895 49.64920486435921 49.78432595364307 51.052385406922355 51.24207462841701 51.551294044278144 53.4196029518761 56.63132730485397 57.19519800436545 57.22897827668641 58.76727990853342 58.889408585386136 59.35973391539341 59.5909988566677 60.18085438104147 60.44070262966427 60.47708138447147 60.48487683193015 60.48487683193015];
h30 = plot(x30, y30, 'k-o', 'linewidth',2);
hold on
x31 = [0 3 48 101 111 143 147 168 199 305 396 405 3550 3613 3760 5052 5106 5465 5526 5570 5983 12091 12122 12958 14386 33171 35575 35578 36870 44749 55467 10000];
y31 = [0.0 35.43030869971936 36.33717908741295 40.87932647333957 43.132210788899286 44.77185323770918 45.09146658351523 51.052385406922355 51.23168069847209 51.28624883068288 51.92547552229498 52.104770813844716 52.14634653362436 52.55690676644839 53.64047396320549 54.1237917056439 54.21214011017566 54.251117347469076 54.39403388421162 54.817586529466794 54.96310154869556 56.51959255794616 56.766448394137825 58.34112878079202 58.74649204864359 58.889408585386136 59.17004469389876 59.237605238540695 59.39351418771437 59.445483837438935 59.54942313688806 59.54942313688806];
h31 = plot(x31, y31, 'k-o', 'linewidth',2);
hold on
x32 = [0 1 5 6 29 54 93 99 117 160 162 270 897 2092 2553 2734 2838 2857 2864 2869 3140 3467 3476 3500 6896 6924 8332 8797 8883 20293 30944 34415 36929 47009 51489 51921 10000];
y32 = [0.0 27.255482798045943 27.743997505456814 32.74087932647334 34.32075667809999 34.370127845338324 34.3961126702006 34.926203097391124 35.926618854588924 38.06257145826837 42.98669576967051 43.39985448498077 43.550566469181994 44.16640681841805 52.36461906246752 52.40359629976094 52.72320964556699 54.27450368984513 54.622700342999686 55.32688909676749 55.329487579253716 55.50098742334477 55.659494855004674 57.33811454110799 57.85001559089492 58.45806049267228 58.943976717596925 59.12067352666043 60.07691508159235 60.131483213803136 60.17046045109656 60.36794512004989 60.56023282403076 61.07473235630392 61.09811869867997 61.1656792433219 61.1656792433219];
h32 = plot(x32, y32, 'k-o', 'linewidth',2);
hold on
x33 = [0 1 2 23 30 31 38 91 213 288 339 356 373 523 618 877 1324 2889 3047 4524 5632 24618 29698 30095 30322 32178 39414 10000];
y33 = [0.0 32.75387173890448 38.137927450368984 39.54890344039081 40.19072861448914 41.28728822367737 46.291965492152585 46.40889720403285 46.82985136680179 47.786092921733704 48.19405467207151 50.20787859889824 50.42095416276894 52.22430100821121 52.260679763018395 53.16755015071198 53.20392890551918 53.90551917680075 53.94189793160794 54.46419291133978 54.59411703565118 54.64868516786197 55.113813532896785 55.581540380417835 55.58673734539029 55.72965388213284 55.953123375948444 55.953123375948444];
h33 = plot(x33, y33, 'k-o', 'linewidth',2);
hold on
x34 = [0 1 6 28 31 36 38 39 912 944 1378 1400 4545 4766 4776 4787 4794 5135 6543 6794 7046 7664 9514 12008 21204 23503 56293 10000];
y34 = [0.0 38.72778297474275 40.07119842012265 47.49506288327617 47.79648685167862 49.73755326889097 50.11953019436649 51.14073381145411 51.268059453279285 51.58767279908533 52.04240723417524 52.07878598898243 53.35983785469286 56.32470637147905 56.64951668225756 56.70408481446835 56.724872674358174 57.681114229290095 57.69930360669369 57.82143228354641 57.844818625922464 58.32034092090219 59.10248414925683 59.11287807920175 59.151855316495165 59.237605238540695 59.39351418771437 59.39351418771437];
h34 = plot(x34, y34, 'k-o', 'linewidth',2);
hold on
x35 = [0 1 4 5 7 8 10 27 114 289 719 932 1022 1033 1066 1067 1650 3546 6068 8355 9353 9370 10347 10539 12903 13296 14493 22148 22497 28784 32539 33385 36174 49378 10000];
y35 = [0.0 9.689741191144371 20.9229809791082 22.256002494543186 31.9587360981187 34.970377299657 43.45442261719156 44.97713335412119 46.34393514187715 46.7103211724353 48.44610747323563 49.02816755015071 49.254235526452554 49.39975054568132 49.73495478640474 50.41056023282403 50.42355264525517 50.78214322835464 50.93805217752832 51.15372622388525 51.22128676852718 55.646502442573535 55.755638706995114 55.810206839205904 56.24155493191976 56.62353185739528 57.759068703876935 58.06568963725184 58.33593181581956 58.517825589855526 60.38093753248103 60.40172539237086 60.96299760939611 60.991580916744624 60.991580916744624];
h35 = plot(x35, y35, 'k-o', 'linewidth',2);
hold on
x36 = [0 4 5 6 8 10 14 16 17 27 28 30 36 38 48 101 123 145 151 162 171 391 394 404 484 1231 2120 2482 3150 3307 3347 3366 3761 8730 9317 9725 11791 39814 39817 40577 10000];
y36 = [0.0 27.20611163080761 27.403596299760938 27.56470221390708 35.19384679347261 39.99064546304958 40.05820600769151 40.20372102692028 40.237501299241245 40.66625090946887 41.26650036378755 42.16037833904999 43.78183141045629 43.974119114437165 43.99230849184077 44.06766448394138 44.335308180022864 49.048955410040534 51.44475626234279 51.95146034715726 52.08917991892735 52.36461906246752 52.38280843987111 52.38800540484357 52.40619478224717 57.73308387901466 57.81883380106018 58.811454110799296 59.24020372102692 59.47406714478745 59.78588504313481 59.80927138551086 59.92100613241867 60.06911963413366 60.282195198004366 60.28999064546305 60.38873297993972 60.68755846585594 60.93181581956138 60.99417939923085 60.99417939923085];
h36 = plot(x36, y36, 'k-o', 'linewidth',2);
hold on
x37 = [0 8 10 11 12 13 17 19 66 360 532 538 545 1467 2860 5396 5844 16553 10000];
y37 = [0.0 6.301320029103004 21.011329383639954 22.52884315559713 25.61064338426359 29.464192911339776 41.93171188026193 42.56314312441534 43.7454526556491 44.29633094272945 44.35609603991269 47.64577486747739 52.390603887329796 52.6686415133562 53.67945120049891 53.90032221182829 54.045837231057064 54.44600353393618 54.44600353393618];
h37 = plot(x37, y37, 'k-o', 'linewidth',2);
hold on
x38 = [0 2 8 20 21 165 191 676 773 1422 1424 2227 2232 2410 2426 2976 2980 5624 7571 36067 36071 36088 36098 36101 36435 36933 38071 39348 44642 45210 45860 53153 53293 53469 53950 54683 56320 56483 10000];
y38 = [0.0 13.67581332501819 37.659806672903024 46.44267747635381 48.11610019748467 48.25901673422721 49.24644007899387 49.91165159546825 50.036378754807195 51.161521671343934 52.14634653362436 52.33863423760524 53.31826213491321 53.601496725912064 53.684648165471366 53.923708554204346 54.0302463361397 54.89034403908118 55.056646918199775 55.99729757821432 56.036274815507745 58.09167446211413 58.59837854692859 59.284377923292794 59.31036274815508 59.32855212555867 59.445483837438935 59.49485500467727 59.55202161937429 59.9885666770606 60.056127221702525 60.05872570418875 60.087309011537265 60.217233135848666 60.22502858330735 60.24321796071094 60.438104147178045 60.50566469181998 60.50566469181998];
h38 = plot(x38, y38, 'k-o', 'linewidth',2);
hold on
x39 = [0 4 5 6 8 9 10 12 15 16 18 23 107 133 157 160 291 299 331 447 462 651 681 2448 3508 4027 18474 21967 23671 42066 10000];
y39 = [0.0 6.680698472092298 7.644735474482902 7.966947302775179 8.61656792433219 10.373142085022346 21.78567716453591 24.087932647333957 24.152894709489658 25.036378754807192 32.29653882132835 33.008523022554826 35.295187610435505 37.48830682881197 41.00405363267851 41.196341336659394 42.45660534247999 42.45920382496622 42.51117347469078 46.84284377923293 47.99397152063195 48.045941170356514 49.371167238332816 50.18189377403596 50.52229497973184 52.6036794512005 53.076603263694004 53.487163496518036 53.90292069431452 54.51616256106434 54.51616256106434];
h39 = plot(x39, y39, 'k-o', 'linewidth',2);
hold on
x40 = [0 7 33 52 126 324 336 338 401 998 3104 3266 4550 4584 5429 5463 5503 5563 13007 13322 14034 15293 18697 19041 19631 19752 19957 20169 21202 21634 21661 22006 24206 28348 28488 34543 37155 52637 10000];
y40 = [0.0 35.69911253776435 37.73130664652568 41.28823640483384 44.637462235649544 44.94429758308157 45.295978096676734 47.03549848942598 48.75377643504532 49.40049093655589 49.858383685800604 49.912669939577036 50.10385196374622 52.00387084592145 52.04399546827795 52.608100453172206 52.612820996978854 52.87717145015106 53.05655211480362 53.17220543806646 53.18636706948641 53.6631419939577 53.748111782477345 54.12575528700906 54.241408610271904 55.485271903323266 57.597715256797585 57.87150679758308 58.24206948640484 58.331759818731115 59.15549471299094 59.2428247734139 59.400962990936556 59.405683534743204 59.516616314199396 59.74320241691843 59.81637084592145 59.946185800604226 59.946185800604226];
h40 = plot(x40, y40, 'k-o', 'linewidth',2);
hold on
x41 = [0 6 7 8 12 13 21 25 168 171 173 176 177 202 230 288 384 454 1091 1147 1161 1193 1206 19116 19754 20426 20689 20725 25410 25910 26914 30359 32042 47908 64308 64336 10000];
y41 = [0.0 12.320619335347432 18.384157854984895 27.15728851963746 32.08553625377643 38.46771148036254 40.98848187311178 41.23867069486405 41.51718277945619 42.18041918429003 42.19458081570997 43.86801359516616 46.3368580060423 48.60271903323263 51.3996412386707 51.56486027190332 53.627737915407856 54.005381419939575 54.229607250755286 54.541163141993955 54.55296450151057 55.18787764350453 55.3672583081571 56.710253021148034 57.9847998489426 58.57250755287009 58.907666163142 59.08232628398792 59.18617824773414 59.698357250755286 59.89662009063444 60.17041163141994 60.38519637462235 60.39227719033233 60.52209214501511 60.545694864048336 60.545694864048336];
h41 = plot(x41, y41, 'k-o', 'linewidth',2);
hold on
x42 = [0 2 3 6 13 16 17 21 22 24 59 91 102 114 116 121 156 158 392 464 525 541 551 592 778 972 1066 1078 1238 1938 1972 2455 2474 5448 7413 7682 7896 41958 10000];
y42 = [0.0 1.9802681268882176 3.1108383685800605 9.832892749244714 9.953266616314199 10.116125377643504 19.391993957703928 19.74603474320242 23.428058912386707 29.387745468277945 34.62282854984894 35.500849697885194 37.778512084592144 39.284365558912384 43.783043806646525 46.04418429003021 46.3982250755287 46.40294561933535 47.620845921450154 47.802586858006045 48.01029078549849 49.28719788519638 49.56807024169184 49.57515105740181 49.60111404833837 49.964595921450154 50.46969410876133 50.52634063444109 50.65143504531722 51.19901812688822 51.711197129909365 53.358666918429 53.40587235649547 56.74093655589124 57.10441842900302 57.27671827794562 57.477341389728096 57.86914652567976 57.86914652567976];
h42 = plot(x42, y42, 'k-o', 'linewidth',2);
hold on
x43 = [0 2 3 4 7 8 13 325 340 369 537 588 702 739 2104 2268 2955 3571 3890 6411 10468 11888 14768 16624 27666 29483 43835 60817 10000];
y43 = [0.0 9.032760574018127 16.97271525679758 18.256703172205437 27.55853474320242 30.19967900302115 43.001793806646525 49.32260196374622 50.06372734138973 50.12273413897281 50.18174093655589 52.492447129909365 53.48140105740181 53.512084592145015 53.65842145015106 54.34054003021148 55.70477719033233 56.9297583081571 57.43957703927492 60.10904456193354 60.262462235649544 60.28370468277946 60.34979229607251 60.46544561933535 60.51501132930514 60.86197129909365 60.99650679758308 61.022469788519636 61.022469788519636];
h43 = plot(x43, y43, 'k-o', 'linewidth',2);
hold on
x44 = [0 4 10 13 25 173 185 190 447 1198 1285 2230 4590 5329 5745 8104 8260 36889 37067 45931 47233 48703 55066 10000];
y44 = [0.0 31.637084592145015 40.89171072507553 45.75387084592145 46.57524546827795 48.874150302114806 49.360366314199396 49.738009818731115 53.02114803625378 55.42154456193354 57.02888972809668 58.61499244712991 58.67163897280967 58.71648413897281 59.68183534743203 59.776246223564954 59.95562688821752 60.002832326283986 60.02171450151057 60.02879531722054 60.16097054380665 60.2577416918429 60.65426737160121 60.65426737160121];
h44 = plot(x44, y44, 'k-o', 'linewidth',2);
hold on
x45 = [0 3 4 11 15 19 21 25 147 2343 3259 3405 9454 10960 11076 11407 11497 11815 12547 17011 19191 23574 52705 52873 54837 10000];
y45 = [0.0 16.932590634441087 34.13425226586103 35.92805891238671 36.84856495468278 37.42683157099698 47.95600453172205 51.241503021148034 51.784365558912384 53.79059667673716 55.310611782477345 56.028134441087616 56.74329682779456 57.000566465256796 57.954116314199396 57.961197129909365 59.00679758308157 59.167296072507554 60.14208836858006 60.15152945619335 60.26954305135952 60.27898413897281 60.86433157099698 60.88793429003021 60.977624622356494 60.977624622356494];
h45 = plot(x45, y45, 'k-o', 'linewidth',2);
hold on
x46 = [0 1 2 3 7 18 21 33 37 42 625 1011 1947 1948 2362 3979 9291 13269 13280 15346 38731 10000];
y46 = [0.0 11.123961480362539 26.909459969788518 27.346110271903324 43.46676737160121 46.08902945619335 50.19590256797583 51.72299848942598 51.84573262839879 51.92598187311178 51.97790785498489 54.234327794561935 54.921166918429 55.147753021148034 55.204399546827794 59.45052870090635 59.48829305135952 60.06183912386707 60.309667673716014 60.361593655589125 60.366314199395774 60.366314199395774];
h46 = plot(x46, y46, 'k-o', 'linewidth',2);
hold on
x47 = [0 7 8 9 10 11 17 23 52 54 57 58 59 61 62 84 231 237 370 392 523 615 660 669 816 3721 6449 11848 12087 12103 12137 12321 13547 14024 14085 20058 20743 20919 21155 25658 32155 37109 38208 47496 10000];
y47 = [0.0 4.458553625377643 6.7834214501510575 8.07212990936556 16.573829305135952 23.137745468277945 25.597148791540786 25.60658987915408 33.506419939577036 33.86990181268882 37.837518882175225 38.64001132930514 41.35904456193354 41.68240181268882 46.38878398791541 48.409176737160124 48.87179003021148 49.98583836858006 51.43740558912387 54.482156344410875 54.68513972809668 55.04154078549849 55.45458836858006 55.97384818731118 56.77162009063444 56.873111782477345 56.90615558912387 56.91323640483384 57.177586858006045 59.24754531722054 59.30891238670695 59.334875377643506 59.467050604229605 60.071280211480364 60.17513217522659 60.470166163142 60.56693731117825 60.57165785498489 60.59526057401813 60.64246601208459 60.95874244712991 61.05315332326284 61.13340256797583 61.142843655589125 61.142843655589125];
h47 = plot(x47, y47, 'k-o', 'linewidth',2);
hold on
x48 = [0 1 5 15 18 21 25 26 29 66 67 73 127 136 365 380 568 573 602 876 886 920 982 1359 1875 2488 2998 3000 3023 3218 9849 11146 11684 12588 18279 18775 20414 25937 26554 29539 29622 29804 32740 35348 36164 40072 50623 54508 10000];
y48 = [0.0 3.243013595166163 3.648980362537764 16.179663897280967 23.19203172205438 27.955060422960724 29.86924093655589 32.836102719033235 32.86914652567976 34.67475453172205 39.029456193353475 39.76822129909365 41.33072129909365 42.12141238670695 44.41795694864048 44.90889350453172 45.14492069486405 45.69014350453172 45.701944864048336 47.30220921450151 47.4131419939577 47.43910498489426 47.446185800604226 48.052775679758305 48.18495090634441 48.56259441087613 50.55702416918429 51.01019637462235 51.46808912386707 55.16663519637462 55.553719788519636 55.82279078549849 56.278323262839876 56.4931080060423 56.651246223564954 57.189388217522655 57.1941087613293 57.6095166163142 57.777095921450154 57.89274924471299 59.648791540785496 59.77388595166163 59.87537764350453 59.946185800604226 60.297866314199396 60.3592333836858 60.42296072507553 60.57165785498489 60.57165785498489];
h48 = plot(x48, y48, 'k-o', 'linewidth',2);
hold on
x49 = [0 2 3 5 9 17 45 46 51 59 106 108 430 634 1288 1987 2732 4569 8651 9068 18450 19078 19225 19519 29217 29482 38714 39323 41977 42000 45340 49188 59626 10000];
y49 = [0.0 18.030117069486405 21.950528700906343 31.22639728096677 32.970638217522655 33.610271903323266 39.31976963746224 39.82486782477341 39.83194864048338 42.05768504531722 42.07892749244713 45.96393504531722 47.34941465256797 47.71997734138973 47.762462235649544 47.80022658610272 51.477530211480364 52.313066465256796 52.58921827794562 52.612820996978854 52.75915785498489 53.25245468277946 53.53568731117825 53.61829682779456 53.696185800604226 53.94401435045317 54.6166918429003 57.73461102719033 58.371884441087616 58.78729229607251 59.639350453172206 59.67003398791541 60.366314199395774 60.366314199395774];
h49 = plot(x49, y49, 'k-o', 'linewidth',2);
hold on
grid on
set(gca,'FontSize',20)
xlabel('iterations','fontsize',24);
ylabel('%','fontsize',24);
title('N-20-x','fontsize',24);

