
x00 = [0 12 13 14 15 20 22 26 28 29 30 32 1225 1236 1370 10000];
y00 = [0.0 13.586666800776495 20.175817986139748 22.1572907132296 23.05951458947305 23.773649430200862 36.557668902948066 38.17805091479667 39.47154021786142 37.1541223685137 37.99096770300037 39.73808350348518 40.455235815371 40.744913046539466 42.84909626738818 42.84909626738818];
h00 = plot(x00, y00, 'k-o', 'linewidth',2);
hold on
x01 = [0 8 10 12 17 19 50 57 100 155 208 453 540 649 10000];
y01 = [0.0 4.6770802949075145 7.857494895444624 24.952474829261423 35.2893251928667 35.9974250912785 36.61097756007282 41.41479164361654 41.939831625109385 42.52924432463966 43.01203970992044 43.31076935456292 43.68594160187485 44.739039036018546 44.739039036018546];
h01 = plot(x01, y01, 'k-o', 'linewidth',2);
hold on
x02 = [0 4 7 8 9 11 14 550 552 726 827 10000];
y02 = [0.0 3.6461109825891915 8.107945001559028 18.436748775409622 35.219923356232584 46.60081874050754 41.159312418905465 44.03507419067512 45.11130557036351 45.582031071012274 48.19415527012514 48.19415527012514];
h02 = plot(x02, y02, 'k-o', 'linewidth',2);
hold on
x03 = [0 1 3 7 9 10 22 25 36 37 491 496 534 10000];
y03 = [0.0 3.5636334376037255 6.872793474215709 8.03552569376691 10.71001096347854 11.188783053881977 18.00525039981493 18.270787861719356 26.631194616831454 29.58731052795687 31.109121815310647 35.12336427917643 36.25290431598958 36.25290431598958];
h03 = plot(x03, y03, 'k-o', 'linewidth',2);
hold on
x04 = [0 8 13 103 116 147 167 186 217 264 299 10000];
y04 = [0.0 10.704981844881866 30.86973577010893 36.5355407811227 36.71759487432232 36.998219692016775 30.00573319520021 31.23384395650818 32.738556240633265 35.64438096579194 38.007060882509734 38.007060882509734];
h04 = plot(x04, y04, 'k-o', 'linewidth',2);
hold on
x05 = [0 2 5 6 8 23 24 25 26 110 141 151 182 240 536 10000];
y05 = [0.0 23.044427233683024 26.5145190653886 32.01637481015077 35.16873810473754 35.461432807064014 36.58594372528049 37.77382153781506 38.05344053179017 38.30076140855554 38.034218122931776 38.56931634161797 42.244596212067876 42.38742318021344 38.92738958570121 38.92738958570121];
h05 = plot(x05, y05, 'k-o', 'linewidth',2);
hold on
x06 = [0 1 4 8 10 12 29 30 35 42 46 311 448 529 538 796 815 859 1193 1344 10000];
y06 = [0.0 17.500326892708784 21.252049365828146 25.091278502529647 40.95211273272246 42.29891069291196 29.714044316593075 32.4891119582382 35.09821868619306 40.24300701059132 40.60912684442925 42.32506210961467 45.191659709719275 45.66640850524537 45.9953128614679 46.83819313827059 47.3682622383601 47.83194697297352 48.240311403023505 48.469639211031875 48.469639211031875];
h06 = plot(x06, y06, 'k-o', 'linewidth',2);
hold on
x07 = [0 17 18 19 21 22 30 51 53 114 145 266 10000];
y07 = [0.0 1.6244053067259432 17.99116886774424 18.529284557588436 37.717383651341265 38.749358787378924 44.61532271854035 36.46312147333058 39.48461592621277 40.073022802023715 40.68959274197604 41.60992144516752 41.60992144516752];
h07 = plot(x07, y07, 'k-o', 'linewidth',2);
hold on
x08 = [0 2 11 13 15 20 25 67 79 82 83 85 86 88 294 332 10000];
y08 = [0.0 3.5636334376037255 13.808953842749519 32.764707657335975 30.21695617626055 30.388952032266825 35.536757827823095 24.954486476700094 37.53734120558031 28.180163144607278 30.896893010530974 31.880588608040554 32.00229327808008 36.15332776777542 42.66402470303055 42.91849810402229 42.91849810402229];
h08 = plot(x08, y08, 'k-o', 'linewidth',2);
hold on
x09 = [0 9 10 11 12 13 15 79 80 285 286 287 290 614 10000];
y09 = [0.0 12.395771517083915 30.023838022148237 30.1867814646805 32.68625340722785 33.03527423783708 29.65268906971364 30.727914625682704 37.80891360980075 13.834099435732893 15.735106265275947 16.27825107371682 26.76396334778367 42.1993341446978 42.1993341446978];
h09 = plot(x09, y09, 'k-o', 'linewidth',2);
hold on
x10 = [0 2 3 4 6 10 11 13 14 16 21 52 56 198 714 776 2803 2830 3310 4369 10000];
y10 = [0.0 -0.992753113346936 9.700977977907549 25.8777175824949 33.11967916695983 33.27798494336171 40.574122282417505 41.58516850770422 41.909519454020966 42.55048195314149 44.030816857806236 45.350735242383735 45.481601350875955 45.48441567578977 48.75395764441005 49.00302539928235 50.23007106170407 50.34475480194188 51.23759938084852 52.249349187363684 52.249349187363684];
h10 = plot(x10, y10, 'k-o', 'linewidth',2);
hold on
x11 = [0 1 3 4 6 16 20 145 248 275 288 301 455 620 638 662 692 4297 4302 4337 4367 4387 5423 5740 10000];
y11 = [0.0 2.7960318018715262 2.0192781256596075 28.853162597621896 43.72968409202843 47.16878913670583 47.16949271793428 49.06705129107156 49.76218954478294 49.98944628157321 50.00140716245691 50.1132765777809 50.298318440863994 50.32153662140294 50.569197213818335 51.02300710617041 51.4198269190178 51.673116161260815 51.71392387251108 53.98367691549989 54.755505523112646 55.35777105466826 55.35988179835362 55.414057552944485 55.414057552944485];
h11 = plot(x11, y11, 'k-o', 'linewidth',2);
hold on
x12 = [0 7 8 12 13 17 19 22 24 30 270 314 333 839 853 966 970 1132 1140 1186 1392 1412 1608 3815 4030 4130 4207 4366 4447 4457 4825 10000];
y12 = [0.0 17.734468444381903 18.471821571800465 23.812706676985858 25.348624498698374 26.54752691198199 31.722366847252516 33.347639484978544 33.80848518961514 34.69007246886653 36.29212692605361 40.35319777668332 41.084218673045804 41.34665447125871 41.3705762330261 42.67783015549145 43.87110391894744 45.8284668965032 45.899528600576936 49.84802645465419 49.92260606487019 50.2103707873074 51.542953633997044 52.42313375079153 53.77400970942095 53.81411383944276 53.852107225779214 53.999155702525854 54.422711602054456 54.5950890030254 54.96728347287694 54.96728347287694];
h12 = plot(x12, y12, 'k-o', 'linewidth',2);
hold on
x13 = [0 3 5 6 10 13 14 17 26 33 49 51 60 87 108 127 199 210 250 333 493 509 533 613 657 891 1724 1799 1890 2070 2121 2326 2426 2726 2795 3193 3319 3392 3665 4018 4944 5920 5930 6103 6109 6248 10000];
y13 = [0.0 4.226412439316119 6.452543446140857 14.63519313304721 20.50587490325758 22.259199324562022 22.879054386828958 22.11004010413002 22.155069302751002 22.155772883979456 28.88412017167382 35.74474073031732 38.41342432983888 38.58298740589601 38.9411102511785 38.96432843171744 40.40315204390347 40.86188700485471 42.277492436501795 46.33293463730388 46.52712305635686 47.14697811862379 47.17089988039119 47.863927390417224 48.40075986772673 48.99387884331246 49.765003869696756 49.770632519524376 50.58537958207275 51.276296348413425 52.01576021951735 52.594103989305566 52.726377260254694 52.81924998241047 52.83121086329417 52.85231830014775 53.301203123900656 53.9224653486245 54.203194258777174 54.796313234362906 54.90466474354464 55.034123689579964 55.09111376908464 55.107999718567505 55.283895025680714 55.4436079645395 55.4436079645395];
h13 = plot(x13, y13, 'k-o', 'linewidth',2);
hold on
x14 = [0 4 5 6 7 10 11 12 20 31 33 37 38 42 58 59 60 61 62 64 66 67 68 89 92 131 4564 4722 4966 10000];
y14 = [0.0 3.603039470906916 9.439949342151552 10.371490888623091 10.96883135157954 11.571096883135159 29.840287061141208 34.96728347287694 36.34489551818758 38.593541124322805 39.234503623443324 40.201224231337505 40.24273552381622 41.01174980651516 42.64335467529726 42.97614859635545 43.30964609864209 43.36522901568986 44.22430169563076 45.039048758179135 48.10947723914726 48.781397312319704 49.03257581087737 50.12664462112151 51.610497431928515 52.16914092732006 53.29838879898684 53.40814747062549 53.975937521986914 53.975937521986914];
h14 = plot(x14, y14, 'k-o', 'linewidth',2);
hold on
x15 = [0 1 2 3 4 6 7 12 18 33 34 37 54 63 247 488 630 743 796 1243 4225 4257 4586 10000];
y15 = [0.0 -0.992753113346936 -0.5818616759304862 0.7880109758671638 5.076338563287131 6.527826637585309 29.466685428832758 29.67142756631253 27.76542601843383 37.83789488496447 39.14022373883065 43.643143600928724 46.8873566453247 48.434531766692466 48.757475550552314 48.80742981777246 48.84542320410891 49.33159783296982 50.59382255681418 50.73594596496166 52.07212489348562 52.168515521783654 52.41187645113629 52.41187645113629];
h15 = plot(x15, y15, 'k-o', 'linewidth',2);
hold on
x16 = [0 1 5 6 7 11 12 13 15 19 21 54 134 159 175 223 542 4965 5072 5234 5347 5433 10000];
y16 = [0.0 20.28072891015268 21.602054457187084 31.291775135439387 32.28804615492859 33.27024554984873 33.691690705691975 35.18398649124041 36.646731865193836 39.15781326954197 39.64539506085978 40.85485119257018 47.071694927179344 49.0424259480757 49.25490747906846 49.3766270315908 49.7882220502357 52.37599380848519 52.43228030676141 53.03313867586013 53.05072820657145 53.726869767114614 53.726869767114614];
h16 = plot(x16, y16, 'k-o', 'linewidth',2);
hold on
x17 = [0 1 2 3 6 8 15 40 42 43 44 45 48 91 115 198 217 617 655 690 827 835 855 996 1052 1144 1785 1886 2944 10000];
y17 = [0.0 2.7615563216773378 0.13086610849222544 21.20312390065433 30.293393372264827 30.761274889185955 31.978470414409344 44.53809892352072 45.153028917188486 45.617392527967354 45.69760078801097 45.71167241258003 45.720115387321464 46.024062478013086 46.44621121508478 49.58910856258355 49.622176880320836 49.861394497994795 49.871948216421586 50.0506578484486 50.79715753183705 50.930837965243086 51.66819109266165 51.66959825511855 51.76458172095968 52.37106873988602 53.36030394709069 53.61851825793288 54.19967635263491 54.19967635263491];
h17 = plot(x17, y17, 'k-o', 'linewidth',2);
hold on
x18 = [0 3 4 5 11 13 23 26 27 28 29 30 31 45 53 600 1145 1147 1198 1243 1355 1376 2504 2523 3534 3545 3563 3566 3644 3797 3837 3875 3924 10000];
y18 = [0.0 5.098853162597622 7.8210089354816015 7.263069021318511 23.099275311334694 35.866460282839654 36.55878421163723 37.85407725321888 38.94814606346303 40.92802364032928 41.2080489692535 41.85252937451629 41.939069865615984 42.192359107859005 42.19587701400127 43.376486315345105 43.40955463308239 45.87560683880954 47.17160346161965 48.061633715612466 48.167874481108846 48.27411524660522 48.39935270526983 49.074087103356085 49.742489270386265 50.076690353901355 50.89988039119116 50.90691620347569 51.322029128262855 51.35931893337086 51.564764652079084 54.97643002884683 54.9933159783297 54.9933159783297];
h18 = plot(x18, y18, 'k-o', 'linewidth',2);
hold on
x19 = [0 2 4 5 8 10 19 26 38 45 51 66 137 273 345 346 438 510 760 762 812 966 972 1110 1143 1211 1255 10000];
y19 = [0.0 21.224231337507916 24.611271371279813 26.6249208471118 32.352072046717794 32.668683599521565 43.61148244564835 46.63266024062478 46.940828818687116 46.9738971364244 46.97882220502357 48.41623865475269 48.531625976218955 49.44628157320763 49.7748540068951 49.81917962428762 51.863786674171536 52.42665165693379 53.04087806937311 53.885175543516496 54.74917329205657 54.881446563005696 54.94125096742419 55.25645535777105 55.58995286005769 55.64694293956237 55.71378315626539 55.71378315626539];
h19 = plot(x19, y19, 'k-o', 'linewidth',2);
hold on
x20 = [0 14 15 18 23 25 51 60 10000];
y20 = [0.0 16.93590837311455 29.51736155228432 29.893089866226198 30.1590038661899 32.69108598188517 19.386310420561596 29.565462036919392 29.565462036919392];
h20 = plot(x20, y20, 'k-o', 'linewidth',2);
hold on
x21 = [0 1 3 7 8 22 62 64 93 250 254 282 308 317 645 1041 1168 1170 1208 1222 10000];
y21 = [0.0 -0.7106165937596428 0.19058682591254789 1.188898771168751 1.3096037609133646 2.86878550814078 7.032653876173017 22.10897936216942 23.41313778519957 25.427912801989365 26.097689361624887 26.62044179841359 26.961682972428438 27.79754233750204 32.43787777031565 35.95193581761748 15.629934837456664 25.686566351442107 28.146951518341712 28.205942678743217 28.205942678743217];
h21 = plot(x21, y21, 'k-o', 'linewidth',2);
hold on
x22 = [0 6 10 20 69 97 419 516 10000];
y22 = [0.0 0.07532717405114987 -0.5082315357667944 0.1343183344526528 27.705879149801245 18.862650427459023 31.316138166373225 11.996079356724085 11.996079356724085];
h22 = plot(x22, y22, 'k-o', 'linewidth',2);
hold on
x23 = [0 12 17 22 28 30 33 35 41 48 53 115 340 396 405 421 425 427 462 478 583 602 651 691 709 735 779 796 1336 1346 1403 10000];
y23 = [0.0 15.607245929609933 16.091881001216127 12.872778755921805 16.969487956727715 18.811827273882344 19.392663314758682 21.038062911803678 22.331330659067394 23.32601237906812 23.711723812462562 26.4607118871726 33.59773473944058 5.104096709200806 5.133138511244622 6.48902764416532 10.91336467427804 11.165665329533697 11.42522643530031 21.205960829869493 22.92396493202403 22.929410269907248 16.895068338990434 17.36518250957472 17.557584448115005 17.70097834570635 18.907120686838617 21.29853157388416 22.480169894541955 23.903218194688982 24.67827128673334 24.67827128673334];
h23 = plot(x23, y23, 'k-o', 'linewidth',2);
hold on
x24 = [0 22 27 28 30 44 46 77 79 210 216 247 446 449 454 894 1134 10000];
y24 = [0.0 -0.747826402628283 0.7069863685041656 17.784473526582325 18.325377089648413 18.784600584466265 27.304739259071024 13.135062530630025 13.326556912856443 23.028333908119 25.991505272902184 26.718457880311473 21.770460857096182 22.69707585355671 22.887662679469262 29.30045559326956 29.65349499936471 29.65349499936471];
h24 = plot(x24, y24, 'k-o', 'linewidth',2);
hold on
x25 = [0 4 5 94 123 148 240 285 1699 1704 2335 2397 2523 2528 2529 2536 2620 2769 2987 3002 3125 3146 10000];
y25 = [0.0 20.980886864029912 12.387236128001742 17.643802297932588 20.767611130270634 25.828145136405713 25.951572795091934 29.80233423483927 21.53721888443178 21.58804203800846 25.790935327537074 31.916032889840814 32.116602835205924 33.89087542882036 33.96892527181311 37.054616738968654 37.06096963316574 37.47209264334852 38.72996569437134 39.544043707912074 39.694698056014374 40.13758553718258 40.13758553718258];
h25 = plot(x25, y25, 'k-o', 'linewidth',2);
hold on
x26 = [0 1 40 50 57 58 59 60 61 363 373 481 795 804 1472 1526 10000];
y26 = [0.0 -0.7106165937596428 1.4802243479207884 15.631749950084403 16.461256420960922 17.555769335487266 19.426242898371843 19.73208937614579 22.89129290472474 22.972972972972972 23.675421559907793 8.197048626867296 23.191694044615467 25.6720454504202 26.73570145027499 29.84135915633565 29.84135915633565];
h26 = plot(x26, y26, 'k-o', 'linewidth',2);
hold on
x27 = [0 2 5 6 7 8 13 16 23 26 27 29 42 56 58 10000];
y27 = [0.0 0.07532717405114987 0.2341495289782731 25.868077614215963 18.703828072531902 21.36932096636596 21.679705225709256 27.455393607173324 30.96945165447516 31.10830777049716 32.03310765432995 32.37525638465867 32.937941299257616 33.28553536746955 34.231209046521336 34.231209046521336];
h27 = plot(x27, y27, 'k-o', 'linewidth',2);
hold on
x28 = [0 5 8 10 14 17 23 34 42 49 54 110 191 192 953 998 1022 2903 10000];
y28 = [0.0 23.984898262937214 27.854718385275806 28.067086562721215 27.314722378523587 27.62419908155301 27.678652460385166 29.16704481513078 31.110122883124898 32.10571215943949 32.88076525148386 15.701631786252337 29.071751402174506 29.138003013086962 8.178897500589912 11.238269834643239 15.085401049135099 27.1577151362242 27.1577151362242];
h28 = plot(x28, y28, 'k-o', 'linewidth',2);
hold on
x29 = [0 6 9 12 15 189 295 304 305 318 374 408 780 793 857 907 946 952 956 10000];
y29 = [0.0 -0.747826402628283 0.45196304430689926 2.719946272666219 2.722668941607827 14.556295718149311 22.67620205833772 23.12725754633075 24.789900713339264 28.92835750458316 29.050877606955513 15.567313451799684 24.14372061786434 24.71820376454359 25.8462962626831 25.914362986223296 26.11039515001906 20.1423048300147 20.829324959613743 20.829324959613743];
h29 = plot(x29, y29, 'k-o', 'linewidth',2);
hold on
x30 = [0 16 25 30 31 34 36 38 39 41 42 45 47 50 53 55 649 677 693 954 1562 1594 1625 2655 2822 3037 3136 3146 3688 3689 3884 3941 3951 4010 4112 4520 10000];
y30 = [0.0 2.053511204376827 2.7898523570411453 2.9069549576556994 4.137937495315896 22.120212845686876 27.691486172524918 29.27939743685828 30.798920782432738 33.656224237427864 33.78082140448175 34.50685752829199 34.78228284493742 36.87326688151091 39.87296709885333 39.94978640485648 40.426628194558944 41.926478303230155 42.06325414074796 42.1737989957281 42.44277065793966 42.59724199955033 42.76774338604512 44.39031702016038 44.569249793899424 44.791276324664615 45.46110320017987 46.67615978415649 46.989994753803494 48.014876714382076 50.28302397428531 50.35609599706879 50.36817057633216 51.45862999325489 51.465187738889306 51.94015588698194 51.94015588698194];
h30 = plot(x30, y30, 'k-o', 'linewidth',2);
hold on
x31 = [0 6 7 8 9 10 11 25 31 52 59 60 308 372 392 426 813 853 1068 1097 1100 3054 3287 3724 3888 4173 10000];
y31 = [0.0 0.8169077418871318 20.801169152364537 20.86580978790377 32.47583002323316 33.00607059881586 34.60522371280821 36.748669714457016 37.68642734017837 38.18856329161358 40.22146443828225 42.91107696919733 43.861013265382596 45.276549501611335 45.43674585925204 46.021322041519895 46.216180768942515 46.311736491043995 46.380124409802896 47.556771340777935 48.19380948812111 48.207861800194856 48.2668815109046 48.3015438806865 48.37086862025032 48.413962377276476 48.413962377276476];
h31 = plot(x31, y31, 'k-o', 'linewidth',2);
hold on
x32 = [0 2 4 10 11 12 14 26 30 33 39 401 402 458 710 711 746 770 1084 1270 3976 4096 10000];
y32 = [0.0 0.3869069924304879 3.75571460690999 4.523907666941468 24.334857228509332 26.45675635164506 26.52420744959904 35.85213220415199 38.095818031926854 38.35250693247396 38.63074271153414 38.809675485273175 41.45713107996703 41.75035599190587 42.780858877313946 42.852994079292515 42.89421419470884 43.14340852881661 43.24271153413775 43.42726523270629 44.66012141197632 44.68541557370906 44.68541557370906];
h32 = plot(x32, y32, 'k-o', 'linewidth',2);
hold on
x33 = [0 7 8 11 13 15 36 41 99 220 278 341 349 386 391 450 600 671 700 701 1385 1664 1867 1905 1959 1998 5803 5858 6155 6316 6351 6777 10000];
y33 = [0.0 0.015925953683579405 2.0694371580604063 2.217454845237203 2.9537959979015214 24.154987633965376 35.28722925878738 35.75095555722101 36.28869069924305 38.85755743752446 39.03180610723892 39.69965524994379 39.958217792100726 40.339503859701715 40.68331709510605 40.843513452746755 40.85943940643034 40.89316495540733 42.997264483249644 43.30735216967698 43.32234130255565 43.92190661770216 44.5167878288241 44.589859851607585 45.30652776736866 45.84613655100053 45.969796897249495 46.1927602488196 46.20774938169827 46.27332683804242 46.34265157760623 46.353893427265234 46.353893427265234];
h33 = plot(x33, y33, 'k-o', 'linewidth',2);
hold on
x34 = [0 5 10 18 20 22 115 127 145 211 369 450 487 867 1042 1102 1165 1228 1323 1448 1678 4578 4830 5238 6122 6213 6296 6377 6470 6533 6604 6964 7769 7788 10000];
y34 = [0.0 0.9021584351345274 21.316420595068575 21.85602937870044 28.722925878737914 31.640185865247695 35.10267556021884 36.02731769467136 36.36925728846586 37.906580229333734 38.568912538409656 39.85704114516975 41.37656449074421 41.859964026081094 42.60942067001424 44.76879262534662 45.08543805740838 45.27748632241625 46.204002098478604 46.41759724199955 46.58622498688451 48.59945289664993 49.695533238402156 49.8800869369707 49.97938994229184 50.37098103874691 50.45061080716481 51.29281271078468 53.418459117140074 53.43813235404332 53.70044217941992 53.78850333508206 53.80068200554598 53.811923855204974 53.811923855204974];
h34 = plot(x34, y34, 'k-o', 'linewidth',2);
hold on
x35 = [0 5 7 10 22 77 126 129 131 192 272 937 949 966 976 1008 1015 1035 1097 1111 1147 1286 2772 2805 2828 3000 3075 3098 3369 3497 3728 4679 5169 6969 10000];
y35 = [0.0 0.6698268755152514 1.571985310649779 22.07711908866072 29.17634714831747 30.493517200029977 31.15865997152065 34.76635689125384 40.88660720977291 40.98309975267931 41.32129206325414 41.38124859476879 41.69976766844038 41.704451772464964 41.964887956231735 42.33493217417372 42.825826275949936 43.67271228359439 43.82447725399086 43.99497864048565 44.050251067975715 44.25728846586225 44.29944540208349 44.97864048564791 45.36929476129806 45.92576631941842 45.930450423443006 48.1076219740688 48.145094806265455 48.71655549726448 49.0762946863524 49.107209772914636 49.13063029303755 49.17840815408829 49.17840815408829];
h35 = plot(x35, y35, 'k-o', 'linewidth',2);
hold on
x36 = [0 1 8 13 19 22 24 29 33 35 41 634 5382 10000];
y36 = [0.0 0.015925953683579405 23.553548677209022 23.555422318818856 24.951285318144347 40.3498088885558 41.974256164280895 42.67687176796822 42.71153413775013 43.009443153713555 43.470358989732446 44.02027280221839 44.74068800119913 44.74068800119913];
h36 = plot(x36, y36, 'k-o', 'linewidth',2);
hold on
x37 = [0 2 8 47 87 94 134 149 183 201 210 219 236 238 247 277 307 369 371 425 460 923 3352 3488 4077 4242 4290 4329 10000];
y37 = [0.0 0.14801768717679684 19.00247320692498 28.79787154313123 31.892190661770215 32.35779060181368 32.683804241924605 32.695982912388516 33.59345724349846 34.132129206325416 36.34208948512329 37.32856179270029 37.33980364235929 37.73607884283894 39.29963276624447 39.61815183991606 39.619088660720976 39.83455744585176 40.12309825376602 41.89556321666792 42.11665292662819 42.13351570111669 43.52844187963726 43.549051937345425 43.69706962452222 45.40208348947014 46.5056583976617 47.97178295735592 47.97178295735592];
h37 = plot(x37, y37, 'k-o', 'linewidth',2);
hold on
x38 = [0 8 16 17 20 21 23 93 105 136 147 216 253 258 412 414 510 866 874 901 1134 1175 2276 2444 2467 10000];
y38 = [0.0 17.302143446001647 25.97054635389343 27.76268455369857 28.54024582177921 28.651727497564266 29.300944315371357 33.98036423592895 35.08206550251068 36.14067301206625 36.6962077493817 37.45128531814434 38.32252866671663 40.78168327962227 42.26748107621974 43.13778760398711 43.55092557895526 43.863823727797346 44.671363261635314 44.74068800119913 44.952409503110246 47.80315521247096 47.87435359364461 48.07764370831148 48.08701191636064 48.08701191636064];
h38 = plot(x38, y38, 'k-o', 'linewidth',2);
hold on
x39 = [0 1 8 25 75 111 402 502 543 628 644 654 767 1114 1161 2021 2094 2204 2447 2627 3844 5171 10000];
y39 = [0.0 2.053511204376827 2.5434684853481224 21.39417672187664 23.085138274750804 37.66206999925054 39.55257438357191 40.04721576856779 41.0224462264858 41.343775762572136 41.72037772614854 43.38885557970472 45.57633215918459 45.66533013565165 46.830735216967696 47.54552949111894 47.610170126658176 48.20973544180469 48.25095555722101 48.288428389417675 48.35681630817657 48.41021509405681 48.41021509405681];
h39 = plot(x39, y39, 'k-o', 'linewidth',2);
hold on
x40 = [0 2 7 8 11 13 19 20 24 42 43 45 47 49 50 51 81 10000];
y40 = [0.0 0.334944458577122 -4.813236665818706 -3.0473586025608412 -0.9804545069108793 2.67637581616213 12.491520393453744 33.08318494021877 35.70126346137539 18.388026795556687 33.406469939794796 33.817730857288225 34.18129398795896 20.142245399813447 24.216696345289577 28.68332909353006 30.626218943441025 30.626218943441025];
h40 = plot(x40, y40, 'k-o', 'linewidth',2);
hold on
x41 = [0 1 2 6 10 15 127 10000];
y41 = [0.0 1.1097685067412872 24.2389553124735 35.99486983803951 30.626218943441025 31.96917663020436 31.373484270329858 31.373484270329858];
h41 = plot(x41, y41, 'k-o', 'linewidth',2);
hold on
x42 = [0 3 5 6 8 10 11 32 34 36 151 206 291 330 357 474 10000];
y42 = [0.0 -2.441066734503519 0.6073518188756042 21.407826676842195 35.48079369117273 29.47617230560502 30.70253540235733 32.759899940642754 35.42143644534894 35.812558297295006 36.020308657678285 36.5089459849063 42.66302043585178 43.0212838124311 44.87089799033325 44.9387348427033 44.9387348427033];
h42 = plot(x42, y42, 'k-o', 'linewidth',2);
hold on
x43 = [0 6 7 10 30 93 117 150 312 328 10000];
y43 = [0.0 -2.346731111676418 19.103493597897057 16.079453913338423 19.16709064699398 34.02972102094463 34.347706266429235 34.018061561943526 35.452175019079114 36.3319341982532 36.3319341982532];
h43 = plot(x43, y43, 'k-o', 'linewidth',2);
hold on
x44 = [0 2 9 10 17 23 121 124 10000];
y44 = [0.0 -0.768464343254473 -0.3073857373017892 -0.015899262274230476 -1.1871449164758756 -2.542822013058594 22.21444924955482 23.954888493173918 23.954888493173918];
h44 = plot(x44, y44, 'k-o', 'linewidth',2);
hold on
x45 = [0 2 5 7 8 14 15 17 41 54 58 66 69 71 106 178 256 10000];
y45 = [0.0 1.0578309166454676 0.2406088357500212 -0.7387857203425761 1.3864156703128976 17.68103959976257 20.37861443229034 29.264182141948613 34.48126006953277 29.41787501059951 32.031713728483 32.086831171033666 33.89510726702281 34.2554905452387 34.99957601967269 35.041974052403965 36.021368608496566 36.021368608496566];
h45 = plot(x45, y45, 'k-o', 'linewidth',2);
hold on
x46 = [0 8 10 11 12 16 19 20 23 28 236 237 576 603 10000];
y46 = [0.0 2.168659374205037 3.006020520647842 5.310353599592979 29.34049860086492 44.7733825150513 44.89103705588061 34.19719325023319 34.81302467565505 35.797718985839055 35.93127278894259 36.93292631221912 38.164589163062836 39.70893750529975 39.70893750529975];
h46 = plot(x46, y46, 'k-o', 'linewidth',2);
hold on
x47 = [0 5 7 8 105 10000];
y47 = [0.0 19.78716187568897 23.605104723140848 32.39315695751717 27.52586279996608 27.52586279996608];
h47 = plot(x47, y47, 'k-o', 'linewidth',2);
hold on
x48 = [0 20 21 22 28 34 38 39 40 59 60 61 94 98 99 113 114 10000];
y48 = [0.0 -2.346731111676418 21.083481726447893 23.36661578902739 30.508564402611718 31.319426778597474 32.154668023403715 32.214025269227506 32.364538285423556 34.24171118460104 36.89370813194268 37.78406681929958 33.95128466039176 35.318621215975575 37.8126854913932 22.80378190451963 23.571186296955823 23.571186296955823];
h48 = plot(x48, y48, 'k-o', 'linewidth',2);
hold on
x49 = [0 1 6 9 10 181 10000];
y49 = [0.0 -2.346731111676418 16.972992453150173 18.084880861528024 38.59068939201221 29.056431781565337 29.056431781565337];
h49 = plot(x49, y49, 'k-o', 'linewidth',2);
hold on
grid on
set(gca,'FontSize',20)
xlabel('iterations','fontsize',24);
ylabel('%','fontsize',24);
title('N-70-x','fontsize',24);

