
x00 = [0 7 8 13 15 16 18 19 22 26 28 29 32 34 35 37 41 44 46 50 51 52 55 56 59 61 64 78 85 94 110 112 118 150 334 335 526 540 580 633 701 815 1050 1056 1103 1254 1425 1498 1539 1683 1882 1913 1963 10000];
y00 = [0.0 7.991613254076279 11.964629810669525 13.097532071130168 13.269479223314399 24.07574476378485 27.10383784786292 27.60018986486274 28.09591319026408 32.44331559375206 32.536676296126316 36.76399860430465 37.94468142624976 38.61015148324066 39.16151401510746 39.21746756737216 39.24764476409919 39.25173125948931 39.398530747734355 40.08600501067204 40.42581281965038 40.45693305377514 40.83980623724935 42.55613430109927 43.38663590269111 43.39040805228199 43.44447552975126 43.70035301033255 43.828291750623194 44.83514134558863 45.22367275344916 45.493381449197 45.53896159008679 46.20820379666856 47.16853021334649 47.18267577431229 47.19650698947885 47.41151951615895 47.72492227800114 48.11093891946775 48.227246865186515 48.2294472857812 48.81287308917047 48.842421594299026 48.873227482624536 48.9414405210596 49.20140449703101 49.230009964761834 49.89013614316565 50.25509161608319 50.32236161712053 50.38271601057459 51.06296032012976 51.06296032012976];
h00 = plot(x00, y00, 'k-o', 'linewidth',2);
hold on
x01 = [0 1 4 7 11 15 16 20 28 31 35 36 38 49 53 56 75 76 108 134 199 200 310 322 351 473 492 520 573 670 691 1035 1043 1072 1079 1213 1274 1307 1436 1621 1650 1671 1773 1970 2033 2161 10000];
y01 = [0.0 2.4622706454462295 5.294840642397076 14.37220428704801 15.69151360645792 16.524844320242927 23.271333863529915 30.180654530823176 31.88692352909742 31.967081707903596 34.480276372826694 36.35912121488364 36.603682246692294 36.84101332511843 37.567152121362625 37.582240719726144 38.86634330962118 40.3566567438176 40.47988029711965 40.634224084546446 41.37136498376404 41.57757582806542 43.34860006098309 44.666023305597555 45.5760543943971 46.0871806639612 46.32105393859569 46.418186790560824 46.95823287365499 47.060080912608726 47.35556596389424 47.607356949085414 47.99463097374898 48.66450187192923 48.678333087095794 48.89020215578349 49.02159869986578 49.21177790840592 49.39881365895367 49.492488707127166 49.496889548316524 49.56793169894474 49.74773749610997 49.894851330154246 50.07277105252404 50.43489741324842 50.43489741324842];
h01 = plot(x01, y01, 'k-o', 'linewidth',2);
hold on
x02 = [0 7 8 9 11 14 15 16 17 18 23 24 25 26 28 32 36 41 47 50 51 53 66 67 69 74 75 81 88 99 105 112 129 138 142 160 350 620 830 862 991 1085 1234 1684 1781 10000];
y02 = [0.0 0.3633837439213381 0.5202422977420541 0.9798158562308052 7.755539558847105 16.46606165578506 21.6125310809409 22.319809129230702 24.346710842729653 26.687015318070795 27.167335699309383 34.65662436620028 35.329324376573695 38.220362692183166 39.27499284863307 39.31617214833349 44.09045614718928 45.228387940437756 45.802697715649074 45.920891736163284 45.93472295132984 47.1590998393693 47.799422232420994 48.72988579817114 49.53967550432417 49.606945505361516 49.79649602230318 50.33434168480267 51.09285809836858 51.18087492215576 51.317615344825114 51.687914696329734 51.88626689565012 52.005403953562045 52.812958311809375 52.81453004080558 52.81578742400254 52.85696672370297 52.97013121142933 53.21249182264331 53.30522383341908 53.56420984468174 53.92004928942132 54.010895225401654 54.01215260859861 54.01215260859861];
h02 = plot(x02, y02, 'k-o', 'linewidth',2);
hold on
x03 = [0 2 3 4 5 8 9 10 12 16 17 19 20 26 28 30 37 38 41 49 55 57 64 65 70 71 72 74 76 82 84 85 88 89 90 92 95 96 100 103 106 107 109 116 128 137 138 142 143 151 152 161 167 169 200 208 222 228 260 378 517 582 626 667 713 1072 1097 1221 1250 10000];
y03 = [0.0 6.77698108581326 10.683985024566125 18.790963186963452 19.570540769078434 21.11177822275172 22.240279642023005 22.267627726556878 22.307235297261105 22.44114660773731 25.94990934616423 26.101424021397868 34.29673335338161 36.09950651202251 36.204498008968635 37.49080101945835 37.520978216185384 37.56027144109037 38.67368426199814 39.42559941378001 40.00490379446814 40.33748165006397 41.418202507850786 41.72343227891274 42.05066625592149 43.304905994888735 43.51991852156884 43.61610833613625 44.48747489162928 44.51387993876544 44.90586915041761 45.0152614885531 45.228073594638516 45.26579509054731 45.679159816547795 45.9312651475382 46.53826688587047 46.586676138953415 46.64074361642268 46.85449875990582 47.629675500831446 48.27502742667098 49.1454509447663 49.18065767428117 49.550013988388066 49.72479025276546 50.059254183156725 50.280867971620864 50.40157675852899 50.48299232053213 50.709321295984864 50.947281066009474 51.10382527403095 51.11985690979218 51.28488845439314 51.86171299599838 52.03523187717881 52.37818314414955 53.004988667833935 53.1370139035147 53.26212353161218 53.57269718126122 53.67328783701799 53.71478148251766 53.82134470845999 53.95714209373163 54.35321780077392 54.65813322603663 54.9957406144203 54.9957406144203];
h03 = plot(x03, y03, 'k-o', 'linewidth',2);
hold on
x04 = [0 5 6 10 11 17 20 22 28 30 32 38 39 41 44 59 61 75 84 195 437 459 480 489 492 496 778 907 1242 1254 1420 1623 1728 1812 1882 1972 1994 2347 10000];
y04 = [0.0 9.369705237944054 10.238242681243928 13.079614360573492 19.39607885050028 21.3258477120341 22.28428805391659 29.8823403673445 32.90257480644157 33.73873463241974 34.17096010637462 34.885468108046936 36.420104299936185 41.19596002778817 41.504961948441 43.97540558466747 44.04110385670861 44.08699834339764 44.093285259382434 44.099886521166475 44.28849400071042 44.32244334702833 44.71411821288126 45.18720864073733 45.8036407530468 46.00796552255274 46.61842506467665 46.643258382816605 46.696697168687386 47.05882352941177 47.31501535579229 47.920131019329126 48.42276995231374 49.5148072588732 49.557558287569826 50.09603264166779 51.17549611625765 51.65927430128787 51.65927430128787];
h04 = plot(x04, y04, 'k-o', 'linewidth',2);
hold on
x05 = [0 13 14 15 17 18 21 22 24 25 32 35 47 50 51 62 76 78 89 92 98 131 181 272 440 747 1116 1160 1196 1198 1205 1254 1281 1286 1695 1809 10000];
y05 = [0.0 0.7317970206305148 6.590888372663232 15.08671228872033 16.390618663967484 19.19238277259282 19.93832535418913 30.507888507831925 37.1660468815325 38.814790598545834 39.28285149361407 41.05670483872489 42.03180550796709 42.551104768311426 43.73021586126034 44.130692409491985 47.75918597011829 47.78936316684532 47.94685041226452 48.02575120787373 48.88202916500325 49.15865346833438 49.71598857038674 50.47450498395265 50.782249521408524 50.988774711509144 51.378877848365875 51.54579546776227 51.56717098211058 51.69510972240123 52.15342589769302 52.847187076615505 52.89622502129693 53.042710163742726 53.699692884154146 53.8364333068235 53.8364333068235];
h05 = plot(x05, y05, 'k-o', 'linewidth',2);
hold on
x06 = [0 5 6 8 9 10 12 15 16 17 18 19 21 33 34 36 37 38 44 45 46 78 79 85 92 93 94 98 110 121 125 136 146 149 182 192 203 258 273 298 329 364 393 845 879 937 958 978 1013 1052 1074 1103 1266 1398 1405 1549 1683 1909 10000];
y06 = [0.0 2.4622706454462295 3.1403145344067194 3.3568987900830187 3.8215018813596084 4.27950371085216 12.65901968119049 19.715139836728792 19.78806806215245 24.238261541991882 26.75365662750966 29.583711858066586 30.140103922721227 30.34914387921577 30.57327243407383 30.610365238384137 31.067424030478968 37.92487764089765 39.341948503871166 39.50415093627896 40.286243284787865 40.998236520066264 42.69916163975343 42.91920369922136 43.4353595015733 43.848095535975304 45.629807526067125 45.75334542516841 45.76686229453573 45.77440659371749 46.28553286328158 46.459366090261256 46.54738291404843 46.69135329010031 46.765538898720926 47.01198600532502 47.6403632580056 47.772388493686364 47.78904882104608 48.770122060473845 48.835505986715745 48.87857136121161 49.39849931315443 49.405414920737705 49.53681146481999 51.004492001471135 51.03341181500121 51.09093709626212 51.11388433960663 51.42602971825186 51.823048462691865 52.45174006117169 52.675554270230506 52.70133062576818 52.97921231229626 53.00718908842862 53.016619462405814 53.288214232949095 53.288214232949095];
h06 = plot(x06, y06, 'k-o', 'linewidth',2);
hold on
x07 = [0 7 8 10 11 12 16 18 19 20 22 23 24 27 31 33 35 39 49 50 52 60 62 63 67 84 88 97 153 182 231 263 331 349 359 585 700 791 863 925 1100 1103 1199 1526 1589 1609 1641 2190 2295 2303 2309 10000];
y07 = [0.0 0.5878266445786352 1.415499133977323 1.7248154004293963 3.269196312095083 3.594229868509152 9.500158744628616 12.789158842075814 19.29265908255035 19.40362314968204 19.772350772190457 25.056818003212616 25.66884927433272 25.790815444437808 28.162240153903703 33.92859949516065 33.96160580408084 34.672027310363035 35.080991195174164 38.54539624859723 38.641900408963885 39.946435475809515 40.057085197141966 40.26612515363651 41.200360868977526 42.623718647935846 42.635035096708485 42.650438040871244 43.43315908097862 43.65603025263972 44.735808073028814 45.633579675658005 45.74171463059653 45.83130318337991 46.01896762552614 46.04757309325697 46.12961734685859 46.42258763175018 47.156585072975375 47.25874745772835 47.40680432917035 47.508023676525596 47.59415442551733 47.59761222930897 47.66676830514175 47.91604452393901 48.10685242407763 48.83361991192031 48.87228444522682 48.873541828423775 48.87448486582149 48.87448486582149];
h07 = plot(x07, y07, 'k-o', 'linewidth',2);
hold on
x08 = [0 8 9 10 12 13 14 17 18 19 20 21 26 31 34 35 38 40 52 58 60 61 63 65 71 74 89 92 100 105 106 107 119 130 136 339 398 434 459 461 535 605 660 662 788 835 868 921 943 946 998 1251 1283 1365 1440 1617 1650 1742 1773 1782 1808 10000];
y08 = [0.0 2.3120133534095517 6.182867525249827 6.8125021611273695 6.8511666944338785 6.886687769747989 6.935097022830935 8.24214685607049 8.356883072793057 14.08709264713741 15.812851084964526 24.298615935445948 24.31339018801022 31.991006915956856 33.817041663741506 33.951581665816185 39.89240292565128 41.51945678251707 41.71057902845493 42.25439726113998 42.312865579798604 42.55271142461866 42.65546757365908 45.15357364021866 47.202165213865165 47.21599642903172 47.33544783274289 47.512110171915715 48.032038123858534 48.05341363820685 48.395421867779866 48.590001917509376 49.04800374700193 49.37240861181752 49.516064642070155 49.57327557753182 49.59527978347862 49.785773337818 50.19253680203445 50.28212535481782 50.71403648297346 50.82185709211275 51.05447298355028 51.9076074826874 51.96198930595591 52.35240678861188 52.38352702273663 52.56396151150034 53.07980296805304 53.157132034666056 53.36239984156972 53.447273207364496 53.48813816126568 53.66417180884003 53.80091223150939 54.1262601337227 54.13789092829458 55.76305871036492 56.321336849815005 56.34428409315952 56.35088535494356 56.35088535494356];
h08 = plot(x08, y08, 'k-o', 'linewidth',2);
hold on
x09 = [0 24 26 27 28 30 31 34 36 40 41 45 47 52 60 65 68 70 73 78 79 80 82 96 100 102 115 116 124 173 216 609 1209 1250 1600 1639 1758 1766 1852 1931 1944 1957 10000];
y09 = [0.0 1.230349458225015 7.56033081751912 7.600881425621068 9.084907943832693 18.320073179702064 25.060275807004253 30.692409491985753 32.71585340169307 34.46644515766013 34.50573838256513 34.69686062850299 35.10079498052628 37.08934650651796 39.06029466775221 39.08984317288076 39.22123971696304 40.5983886634331 42.536016169947914 46.635085392036366 47.191163110891765 47.64319237019876 47.65828096856227 47.70983367963762 48.062529666384805 48.20492831344048 48.23950635135687 48.28351476325046 48.28602952964438 48.798098836606194 48.832362528723344 48.92855234329076 48.934839259275556 48.98890673674482 49.382153331593955 49.89956651714285 49.91276904071093 50.13249675437962 50.67442891226923 50.71183606237878 50.73698372631797 50.908302186903725 50.908302186903725];
h09 = plot(x09, y09, 'k-o', 'linewidth',2);
hold on
x10 = [0 8 9 11 12 13 14 16 17 18 21 24 26 29 33 39 43 44 46 48 56 58 62 63 65 93 95 96 102 113 128 139 305 309 387 393 395 415 495 617 738 757 786 931 945 966 1153 1324 1483 1639 1763 1877 2011 10000];
y10 = [0.0 7.630178701797542 8.777895436099474 9.389901408172795 10.369242506955361 16.162416716543564 21.507685426957202 21.795436757190494 22.02333581073526 22.578449234088172 27.211081221512618 27.435362829763026 27.842818713373365 28.06348287632941 28.49001256240093 28.562690326951284 29.1115919755563 29.174367440361483 29.25658210614242 35.84690971514262 35.863352648298815 36.00640616675765 40.35589084523254 42.58160627725416 42.66188433090782 42.92139035596392 42.93454470248888 43.09996061004013 44.122382193691905 44.22005321663966 45.07804546872956 45.231951323071485 45.35362902842727 45.37072967890971 45.50391743747483 45.61704481758941 45.827185503325495 45.83770898054545 46.06363488211148 46.266211818595714 46.384929795983396 46.483258536257395 46.507594077328555 46.809778648887836 46.93178521290675 46.944281842105454 46.94691271141045 47.06924813409248 47.17082892114627 48.695746542051154 48.69673311804053 49.2416519228366 49.72408758163916 49.72408758163916];
h10 = plot(x10, y10, 'k-o', 'linewidth',2);
hold on
x11 = [0 1 8 9 11 12 15 16 19 20 21 23 25 29 37 41 45 56 87 88 108 168 249 267 286 302 311 334 377 415 460 475 503 540 556 576 679 983 988 989 1050 1375 1477 1575 1607 1642 1699 1735 10000];
y11 = [0.0 0.565308041909748 0.8461533402174414 3.892371136732855 12.907373668944562 18.503890397984755 25.452016232463613 31.519458567097033 35.206293039377535 35.40525253056741 35.79988292631593 35.94951361803724 39.21672443617182 39.25388546510481 39.54229451266435 40.9047559539861 42.16066718845575 42.79470669095836 43.403095217737324 44.19893318249682 44.58863069829849 44.62710716188396 44.83165725034694 45.01384494971751 45.052650271966115 45.356515676692474 45.925112305233455 46.138541577600776 46.151038206799484 46.4861451845226 46.49765523773193 47.89859314263916 48.200814254049895 48.73159213633165 48.87563223077986 49.23540360823725 49.242638498825976 50.99973033589624 51.09345505488651 51.39567616629725 51.57720614834157 51.62521951315764 51.79162199669826 51.9195480166534 52.086937076183396 52.32075558566439 52.43815812839958 52.51248018626555 52.51248018626555];
h11 = plot(x11, y11, 'k-o', 'linewidth',2);
hold on
x12 = [0 2 8 10 15 17 21 23 24 27 28 30 35 38 40 41 45 53 66 67 80 81 94 101 115 222 233 312 408 579 643 657 708 718 729 871 874 10000];
y12 = [0.0 8.886418794930314 11.753079761380153 17.72482422504456 23.37264290553206 24.31219210607665 28.57551581481311 28.802428292368507 28.887273827454436 30.123124683473538 35.39933307463119 35.53350740918568 35.94030557546977 36.13038588275531 38.01112857716011 38.59748357350978 38.64385264501023 39.14404667162147 39.167395636703255 39.66693194598825 39.746515742464204 39.91028735669984 40.14180385553897 40.15989108201077 44.617241401990256 45.0108852217494 45.28416677080524 45.474904795417025 45.92182371860222 46.28915884531146 46.324675580928826 47.041258607875506 47.46614400063141 47.674969251715 48.30407587427076 48.36327043363303 48.764478002644026 48.764478002644026];
h12 = plot(x12, y12, 'k-o', 'linewidth',2);
hold on
x13 = [0 1 3 5 6 7 9 10 13 15 18 20 21 25 26 27 32 39 41 44 48 49 50 52 55 68 73 74 75 87 99 119 122 125 290 785 811 817 946 1017 1028 1101 1318 1324 1504 1551 1619 10000];
y13 = [0.0 9.454686564808176 15.446491406923133 15.822705717536717 24.104682289645556 25.527653724982077 26.123545622562336 26.27350517294677 26.767779743621787 27.73725508251064 28.291381929874177 29.13490440078663 34.81067606763965 35.22733999381746 36.513835083957616 36.54376122230188 36.55066725422748 39.37030143185062 39.44922751100032 39.52256299287692 40.56964897626298 41.13397044218336 43.06108220808861 43.58166547181352 43.8940812017811 44.341986700955665 44.40019468432857 44.42025506277912 44.59455015423471 45.59164962082596 45.87644122309114 46.432870081096546 46.598943705974044 46.75548042962096 46.900178241395416 46.99324524305944 47.09913773258529 47.31552673292072 47.33887569800251 47.40201656132228 47.449043350148976 47.71213028064798 47.80881472760637 47.901224011944144 48.07223051676851 48.15017001992884 48.67108214231688 48.67108214231688];
h13 = plot(x13, y13, 'k-o', 'linewidth',2);
hold on
x14 = [0 6 8 9 13 14 15 16 18 19 22 23 28 29 30 34 39 40 42 46 62 70 71 75 84 107 114 119 124 130 131 133 318 390 506 577 792 1085 1238 1728 1740 1779 1799 10000];
y14 = [0.0 9.55729046770279 15.331390874829816 16.524490104642826 23.8133135141179 24.06390381541821 28.641616406100987 28.91884425911432 28.91983083510369 28.998099196927143 33.05785939318999 33.527469564130726 35.46050078597221 39.83958274412823 40.973816273242086 42.03570089646872 42.24222413691044 42.43986819344782 42.89336428989549 44.75569089916536 45.149005860261376 45.363092849954946 45.5949382074572 45.696226675699315 46.11420603652962 46.226675699317944 46.31480982103511 46.7324603232023 46.79132602390145 47.615116975026474 47.83315026867753 47.851237495149334 48.05118356232858 48.258364520096556 48.350116087108084 48.41095493978598 48.567820522096014 48.746719634835344 49.03085351977427 49.17094731026499 49.836228385764365 49.88720147854855 49.92074506218717 49.92074506218717];
h14 = plot(x14, y14, 'k-o', 'linewidth',2);
hold on
x15 = [0 3 4 8 12 13 15 16 18 22 25 27 32 34 35 37 38 42 43 48 50 54 56 90 94 98 117 118 119 120 127 254 339 349 415 452 468 506 540 797 875 922 944 971 974 1370 1440 1505 1559 1708 1729 1804 1847 1860 1951 2144 2174 2300 10000];
y15 = [0.0 0.3459593136061983 6.1818851494004905 7.838017376891759 17.080918962648234 24.90479541702567 25.52962687696082 26.76975289560053 30.178044080215205 31.08372083845805 31.268868265796726 31.638505403147835 32.869752237883205 36.40070770384304 36.991995580139566 37.11959274143159 37.552699600765585 37.62340421333719 37.70397458580251 37.718115508316835 38.4110207115186 38.61261107201347 39.25487204109418 39.44824093501095 39.69324063903815 40.83964193868759 41.1691583191376 41.715392558586174 41.783137443189666 41.97420432646457 42.69670680934748 43.06042449076236 43.93453081734532 44.25615458988036 44.3659933833637 45.03094560019995 45.275616445564026 45.35487138337685 45.44300550509402 45.47227392611204 45.53278392012681 45.538045658736785 45.65117303885136 46.13656842562204 46.23226629659105 46.3325681888438 46.73048717122355 46.94950704086398 47.20042620082741 47.25370130425346 47.286916029228955 47.30204352773265 48.339263751225 48.82630343131129 48.83814234318375 48.89931005452477 48.90457179313475 48.942390539393976 48.942390539393976];
h15 = plot(x15, y15, 'k-o', 'linewidth',2);
hold on
x16 = [0 10 16 17 19 20 21 22 23 24 25 26 27 28 33 35 39 40 47 49 61 72 74 75 78 84 85 87 92 96 98 101 102 104 117 325 328 368 385 444 490 499 567 577 698 778 903 914 1060 1197 1204 1216 1290 1294 1317 1372 1415 1510 1605 1645 10000];
y16 = [0.0 7.475943988792497 15.578692589498885 16.096973842581935 17.093415591846934 17.16181819377668 20.329713695647886 20.999598792430987 21.192638827684636 21.209081760840824 22.47584533119356 26.227793818772568 26.449444557717985 28.803086009694752 30.564124150722503 31.274130004406707 31.33398228109523 31.39416341644688 31.46421031169224 31.593122907636754 32.239987898001196 32.7243967087825 32.890141474996874 36.0859899632336 36.09815773376918 36.455627100584714 39.14371781295835 39.4225899592873 39.58701929084918 40.03229392071875 40.13785755158148 40.39568274347051 41.092863109292885 42.38297564472741 42.40829776178794 42.44315678007906 42.57568682131794 43.3820482632974 44.13480574318769 44.258127741859106 44.34428871159753 44.49030195802448 44.60145618616031 45.02634157891622 45.331522418295066 45.50614636841378 45.543307397346766 45.657421353450715 45.716287054149866 45.77087759222841 46.16550798797693 46.21483678744549 46.23226629659105 46.31908498365573 46.69431271827994 46.892614492143565 47.23298320847666 47.28494287725022 48.21363974191172 48.93679994212088 48.93679994212088];
h16 = plot(x16, y16, 'k-o', 'linewidth',2);
hold on
x17 = [0 6 10 11 12 15 22 28 30 32 44 47 49 52 61 96 111 122 161 229 276 285 335 588 660 824 830 834 949 969 1062 1069 1215 1746 1757 1794 1795 1884 1944 10000];
y17 = [0.0 6.29632796416756 7.325655579744938 7.821245585072448 7.924507205293309 10.599772429805117 16.994757992909808 18.333541610486645 24.29542031425734 29.706789615958854 35.366118349655686 35.58316506731737 40.036569083339366 40.20099841490124 40.67027972717885 40.709742766753706 41.139232180793336 41.18033951368381 41.42369492439539 41.91829835373353 42.497418459494476 43.391256305864864 43.856262455521865 44.50806032583316 44.686959438572494 44.7300399234417 45.20392525700304 45.212804440907384 45.23253596069481 45.32395866904322 45.78666280805835 46.03659539203241 46.20760189685677 46.5568497970942 46.61670207378273 46.79658776251143 46.969238560651405 47.434244710308406 47.80355298899639 47.80355298899639];
h17 = plot(x17, y17, 'k-o', 'linewidth',2);
hold on
x18 = [0 5 8 9 10 12 13 16 17 18 26 27 34 35 42 43 48 50 57 75 77 104 139 172 187 217 223 225 252 331 419 457 504 509 553 590 593 615 628 714 715 744 777 828 859 945 952 960 10000];
y18 = [0.0 0.4186370781565499 1.478548549404437 3.5286534553179734 3.5779822547865376 5.16275215237995 12.655139074328636 18.511454147236602 25.137627350517295 26.113022145342374 26.157418064864082 27.635308896942274 32.949336034359156 33.23314106063496 33.572852059641804 37.810853651317736 38.927657671286035 39.179234548575714 39.21442242552995 39.307160568530854 42.0784525226748 42.094895455830994 42.1461974072783 42.40928433777731 42.57700225597043 42.67006925763445 42.67138469228695 42.884485105991146 42.938746785406565 43.059437914772985 44.152235252333256 44.20024861714932 44.574489775784166 45.27594530422715 45.42162969199098 45.56501206911294 46.27633335744964 46.28455482402773 46.59368196736406 46.87682927631363 47.201741635479905 47.3691306950099 47.38096960688235 47.40168770265915 47.53092915726679 47.534875461224274 48.3379483165725 48.531974927815526 48.531974927815526];
h18 = plot(x18, y18, 'k-o', 'linewidth',2);
hold on
x19 = [0 13 14 15 18 20 21 22 23 24 26 28 30 31 37 40 43 44 46 47 50 52 53 56 58 67 69 80 93 94 99 105 112 115 116 119 121 138 148 162 168 173 176 182 355 369 610 783 791 1014 1258 1295 1501 10000];
y19 = [0.0 0.6656099341624957 1.2036227070329715 1.6008839720864767 2.810097276392552 10.352141856472926 15.929255924388816 16.520214942022218 25.41156661689939 25.622036161298595 26.64051144099289 31.21394886905506 31.301754132109103 31.347465486283305 32.64481291230655 32.739524207286195 32.87830256312442 33.183154543840146 33.7596437802961 38.23047730546366 38.241987358672986 38.56393998987115 38.5770943363961 38.84248327753698 39.14601982360021 39.163778191408895 40.35885057320065 40.39502502614426 43.51096085924191 43.65138350839576 43.76385317118409 43.81022224268454 44.30482567202268 44.67577824402628 44.89841555896107 45.73700514992667 45.8136292184345 45.990555179195084 46.018508165560604 46.12341407909709 46.43484323307529 46.81730585828822 46.858742049841815 47.24679527232786 47.48982182437632 47.5822311087141 47.62531159358331 48.075847962062866 48.31887451411133 48.428055590268414 48.597417801777155 48.84702152708809 48.96869923244388 48.96869923244388];
h19 = plot(x19, y19, 'k-o', 'linewidth',2);
hold on
x20 = [0 6 13 20 30 49 52 55 58 60 62 63 65 66 69 71 75 79 83 89 93 97 99 101 102 107 110 124 125 128 130 131 140 171 331 353 380 394 414 431 552 571 615 625 658 679 749 928 984 1032 1045 1112 1242 1447 1472 1727 1740 1815 1972 10000];
y20 = [0.0 0.05633356263074907 0.16588677236994448 0.47982607366391794 0.6233492709191429 0.7858390445374844 10.739328469963453 13.046456788760464 19.319581150053928 19.342227808397947 19.359778968614563 20.03549863695425 28.37088432370001 29.2767506574608 29.661177682850536 29.683258174735954 29.72656990881889 30.050134039909075 30.0801408622149 30.29585028294169 36.46168610033036 41.03800958519815 41.12661463596912 44.87859975711459 45.20244697143407 45.60753907256272 45.61178532100223 45.645472225288955 46.03046541713729 46.07094631892723 46.09868847539865 46.23371917577487 46.24107933973668 46.25636583411889 46.89896476463045 47.68791772469024 47.93448321741075 47.94637271304136 47.95571445960827 47.9947799452517 48.112542568640606 48.55188774051459 48.66483794900539 48.740421171228554 48.93942868142663 48.98274041550956 49.33291437015397 49.383020101740115 49.470492819593886 49.64487208884284 49.7125289806456 50.824479905336965 51.29269956659957 51.34393763110292 52.55553385250798 52.75340902978885 53.0396061746114 53.13019280798748 53.14094997070089 53.14094997070089];
h20 = plot(x20, y20, 'k-o', 'linewidth',2);
hold on
x21 = [0 5 7 9 10 11 13 14 15 17 21 24 32 36 37 38 41 45 46 51 62 74 88 101 106 163 280 304 363 452 510 587 590 644 687 698 813 826 841 918 923 943 969 1170 1229 1294 1356 1439 1696 1738 2245 2302 10000];
y21 = [0.0 2.4789598389822594 2.908397097830733 3.585532182316923 12.235989503273858 21.94149801983281 23.078643351931902 23.234339128047036 23.28472794286248 24.09915839355929 28.72785227584762 29.406119693251014 30.86031824216638 31.478288931728816 31.539434909257672 31.578217311671803 31.840918548462433 32.66242607989175 39.53002522271573 42.344438688418784 47.57553368265804 49.421236337695646 49.44105216374666 49.54890687411006 49.625905512479726 50.12469816250676 50.193770470456016 50.21924796109304 50.598862571584675 51.192771186656586 51.68873300439062 51.72553382419965 52.06523369935995 52.50372962154603 53.14378080299389 53.14519621914039 53.610585048109996 53.632382456766116 54.004070736837335 54.0703122124936 54.118436361474636 54.162031178786876 54.162314262016174 54.192038001092705 54.51871604770518 54.780284951578615 54.93428222831795 54.94362397488486 55.27058510472664 55.27652985254195 55.29974267734457 55.64793504938387 55.64793504938387];
h21 = plot(x21, y21, 'k-o', 'linewidth',2);
hold on
x22 = [0 15 16 18 19 20 22 27 32 33 34 44 45 47 49 52 53 55 56 57 64 65 79 93 104 108 184 185 225 263 279 598 614 634 729 1097 1127 1134 1259 1390 1424 1473 1863 1955 1994 2005 2028 10000];
y22 = [0.0 1.122708087404778 10.18533459022287 10.69884756817352 10.934372814951324 19.22927759990715 19.250225758875366 19.278817165034692 27.706771067761633 27.729417726105652 34.725819738261244 35.34803667626319 35.690284300487185 39.21183967298225 39.91728308039847 40.10977967632264 40.47382470920275 40.48882812035566 40.82598024645226 40.82626332968156 41.43489227267709 43.026952354261674 43.06460242375861 43.332399158676644 43.68795169467775 44.033879400882654 44.23090532847562 44.25383507004894 44.297146804131884 49.247989401363895 49.33234820369537 49.91436732313667 50.09922067186974 50.18527797357701 50.58187757782666 50.691713870795155 50.80494716251525 51.29553039889258 51.3255372211984 51.32723572057421 52.1215672619907 53.14604546882829 53.325803319433945 53.668050943657946 53.694094600753566 53.715892009409686 55.57659807560021 55.57659807560021];
h22 = plot(x22, y22, 'k-o', 'linewidth',2);
hold on
x23 = [0 2 5 6 8 9 10 11 13 17 19 27 28 29 30 31 35 40 43 80 82 101 342 351 378 420 721 749 773 786 881 1058 1578 1713 1725 1734 1739 1799 1848 1867 1937 10000];
y23 = [0.0 0.27459073242123916 0.392636439039442 3.8833357395407826 4.539239581829453 4.54631666256196 5.409154345469111 6.62471373208437 11.77937625441256 14.633138288988345 15.374816349754992 15.468233815424073 16.94762677174716 16.990372339371497 26.15292722213258 26.965376090224286 34.194472516864685 34.425468431973684 40.67792771752823 40.900714218987524 40.93977970463096 44.96918639049067 46.00640334264677 46.79280855364286 47.60299275590016 48.35740956198532 48.836103302732035 49.35499486203939 50.61839531440639 50.77069409176992 50.80749491157896 50.8592991425409 51.39036328070816 52.1198687626149 52.419370819214556 52.71122962862311 52.75340902978885 53.21002227865014 53.55113756995694 53.598412469250086 54.06210279884389 54.06210279884389];
h23 = plot(x23, y23, 'k-o', 'linewidth',2);
hold on
x24 = [0 4 10 16 18 21 23 24 29 31 33 34 35 37 38 39 40 42 43 53 55 56 57 58 64 67 81 95 102 105 114 122 123 171 186 214 491 515 528 533 669 680 681 683 812 840 906 966 1051 1178 1421 1512 1650 10000];
y24 = [0.0 0.6148567740401355 1.4009789018069203 1.6710403025593554 4.455730029185881 12.602582285217677 21.668322703558072 21.930174690660802 22.06690389041282 29.419141521798824 29.544264309149533 33.27416893840958 34.12058779401732 34.20353118020229 34.515205815661865 34.759789725777274 34.79800596173281 34.824898868516335 41.71118150447413 44.75234463684668 45.37371232516072 46.06330307173612 46.652682355139234 46.71043133391648 46.7274163276745 47.36237201099495 47.414176241956895 47.418139407167104 47.56590885286183 47.722453878664865 47.78020285744212 47.79435701890713 47.82011759277345 48.957262924872545 50.373811404290976 50.57678207969925 50.590653157934966 50.72653310799908 50.73445943841949 50.92129436975765 51.02150583292994 51.2123039294783 51.26184349460585 51.73544173722516 52.104016101774086 52.38879783045013 52.70896496278871 52.82134900482091 53.460834019810164 54.22402640600363 54.32650253501032 54.32763486792752 54.50512805269877 54.50512805269877];
h24 = plot(x24, y24, 'k-o', 'linewidth',2);
hold on
x25 = [0 12 13 17 19 20 21 22 23 24 26 27 31 34 43 45 61 62 66 67 72 225 248 272 273 310 320 372 378 396 406 421 465 468 528 543 552 611 617 681 682 710 750 802 823 858 877 1023 1304 1384 1539 1939 10000];
y25 = [0.0 2.357517133612453 3.1175956042836153 3.247813889761729 3.6180867536864514 5.025576569767277 6.814379495715535 6.927046620977033 7.182670777035156 7.549263558978976 17.057179981486357 17.854625438425153 23.773046513405408 30.340011266712526 30.694714553025737 37.59316976784344 41.69249801134031 41.71288000384993 42.03814263431592 42.874936660127446 42.889090821592454 42.976280456216934 42.97967745496854 43.21520270174634 44.00019249659592 44.11767203675553 44.481150903177046 44.5422968807059 44.96352472590466 45.51214002428854 45.54695926149247 45.850141400073035 49.153471056469755 49.217164783062316 49.345967652393924 50.07150996909046 50.31581079597657 50.37355977475382 50.79790153547489 50.93774465074921 50.93802773397851 50.99237971400416 51.74028560581541 51.743116438108416 51.82124740939528 52.13741992283151 52.21555089411838 52.2348005537108 52.2379144692331 52.297928113844755 52.752559780100945 52.85163891035604 52.85163891035604];
h25 = plot(x25, y25, 'k-o', 'linewidth',2);
hold on
x26 = [0 5 7 8 11 15 18 19 21 22 23 26 33 35 37 48 60 65 68 70 72 73 77 82 85 89 90 94 96 99 105 106 108 123 128 130 131 133 141 146 147 159 171 172 267 294 332 423 587 644 691 728 906 979 1040 1107 1114 1168 1227 1370 1510 1738 1855 1898 10000];
y26 = [0.0 0.2383560790708076 0.535027303377466 1.1869679804559339 3.2209209829782055 3.6495089921387787 3.6724387337120987 6.82032424353084 6.938369950149044 6.99130651402819 15.664127410099843 17.969274146291752 25.161286669893816 25.18874574313594 25.24479622253739 25.266310547964206 25.39596266698372 25.39624575021302 25.668288733570556 31.210492196810783 34.47387566418403 38.60122914738162 38.77136216819107 41.947556000939834 42.815206098745094 43.04138959895599 43.37542780953028 44.101819375914715 44.14088486155815 44.43503979049325 44.44155070476715 44.69547636144947 44.843528890373506 45.11500570727244 46.179681732670666 46.42483180924468 46.54202826617498 46.54627451461449 47.129709050202294 47.139050796769205 47.33607672436217 47.37740687584001 47.40571519877003 47.61038437355411 47.741168825490824 48.473505139690566 48.752059037322006 48.80414635151325 49.39692263366797 49.41985237524129 49.67519344807011 50.082550215033166 50.14596085839642 50.39167710142904 50.59889402527681 50.871220091863655 51.30292201654653 51.718771280388594 51.726697610809 51.76406459707663 51.781898840522544 52.70446708481205 52.755705149315396 52.768443894633904 52.768443894633904];
h26 = plot(x26, y26, 'k-o', 'linewidth',2);
hold on
x27 = [0 1 3 5 6 8 10 13 15 17 23 39 44 208 340 622 839 879 1235 1274 1498 1563 1713 1750 1765 1890 1892 1910 1943 2235 10000];
y27 = [0.0 3.5841167661704216 13.017299216142538 13.079860609817892 20.28631037811427 20.417660996509582 30.741706369089577 30.914104055733425 32.574670278808675 40.45542429929824 42.06673404047524 47.23838155656144 49.996178376404444 50.61981073055289 50.79192533396744 50.80862724449615 50.843163398470786 51.13756995694304 51.19078960405149 51.44811225948541 51.59191853996994 52.265090459245926 52.29481419832245 52.29622961446895 52.60677191701132 52.845411079311425 52.95779512134363 53.803364727263464 54.181280838379294 54.211287660685116 54.211287660685116];
h27 = plot(x27, y27, 'k-o', 'linewidth',2);
hold on
x28 = [0 1 4 5 6 9 10 13 14 15 17 20 21 22 23 26 27 36 37 44 48 56 62 68 72 75 84 91 94 95 102 104 105 110 134 144 149 159 208 271 696 763 933 972 1010 1011 1119 1121 1406 1636 1968 2374 10000];
y28 = [0.0 0.003963165210203452 1.6724557187058566 12.06642264892301 12.18248677293611 12.556722802071038 21.34221082340419 22.096344546260045 29.70364016724557 35.978179944685536 35.990635606774745 42.26347688483891 42.45993664597328 42.53863378371875 43.565659739620045 43.84449672048079 45.16281531933204 45.17668639756775 45.18489581121746 45.227924462071094 45.390131152460135 45.406549979759546 45.512989273976444 45.875052724251454 50.31719475843093 51.211737763019705 51.98880122744888 52.068913781340854 52.52779169603655 52.55100452083917 52.72878078883973 52.74548269936844 52.74633194905634 53.19388653458003 53.46932651668917 53.59360005435198 53.83563621540369 54.660257662355306 54.75112737896069 54.75141046218999 54.81283952294814 55.163862727280446 55.33484499777779 55.43222562865708 55.44383204105839 56.04226998779911 56.62315677432322 57.43277481012193 57.43815339147863 57.547989684447124 57.56412542851724 57.58648900363196 57.58648900363196];
h28 = plot(x28, y28, 'k-o', 'linewidth',2);
hold on
x29 = [0 2 5 6 11 14 20 24 29 30 31 32 33 34 35 38 44 45 48 49 50 53 54 57 68 72 75 76 85 90 91 102 105 106 127 130 160 161 167 170 178 290 342 584 10000];
y29 = [0.0 0.040763985019235505 0.2774215647142416 2.8591406159324904 3.1215587694938187 5.114464703767554 6.5242191856827825 7.616354284323134 13.668390643533105 13.745672365132073 14.659181946083969 14.89159327733947 20.87314191245368 21.702292691074103 24.253721836757226 24.31656631366188 24.593987878376122 24.961146826778542 24.976433321160755 30.752463531802984 31.052814838090548 31.680693440678493 32.09342878899825 32.12739877651428 32.55655295213346 33.300778761963805 34.2114575106227 34.37592886684614 41.28315966177216 41.84564603839175 41.91839842832191 47.12288359900695 47.21233789946582 50.38938098190249 50.88421046671932 50.99432984291712 51.36573503975904 52.063535199984145 52.13685375637291 52.285755534984844 52.43635581297257 52.51561911717664 53.217665525841255 53.23323510345276 53.23323510345276];
h29 = plot(x29, y29, 'k-o', 'linewidth',2);
hold on
x30 = [0 7 8 9 12 13 14 15 19 20 21 22 31 34 36 40 41 43 44 46 52 80 85 86 95 96 99 101 107 115 120 121 123 126 127 137 141 144 154 165 169 220 249 250 267 272 289 300 308 349 371 394 424 442 474 482 492 548 603 626 758 852 889 1003 1058 10000];
y30 = [0.0 0.48083565172870574 0.6756079523444463 1.9631639256777074 2.3714001663285016 3.62455268739723 5.065976069283677 5.774903900592985 5.970217987858561 5.9745522810572425 7.469883434602288 9.026978266228541 10.412868516506885 11.008562938000646 11.025629217470453 11.490482163029021 11.586920186699679 11.59260894652295 11.594505199797371 11.680649277121162 12.279594418513934 12.285012285012286 12.785352256135056 12.850908440765112 13.117196579159092 14.042568177077548 14.314815968619717 16.221092296064732 16.52936889982094 16.564855925385142 16.635288189863715 16.83249853040371 17.12939761451338 17.289766462864588 17.316043115381593 17.360469620668077 17.374285180238875 17.850786538768897 18.20917840763486 18.671593313269167 18.67348956654359 18.98366242357422 20.072653589742895 26.589534307285135 26.70412218372527 33.348864550628605 38.07730753706498 38.41646597986179 38.41673687318671 41.14977962828018 41.23863263885315 42.12255755805921 43.575900246242036 43.66448236349008 43.66908755001368 43.72218264169753 43.759565920536154 44.618839547174716 47.74386494342393 48.50995126629085 48.799536230627744 49.18691368525988 50.00257348658672 50.29676363744721 50.81769150126372 50.81769150126372];
h30 = plot(x30, y30, 'k-o', 'linewidth',2);
hold on
x31 = [0 8 9 10 11 12 15 16 17 20 22 25 26 27 38 50 53 57 63 66 68 83 95 103 109 121 122 125 129 130 133 138 140 530 532 569 589 624 660 681 777 800 805 870 884 947 1079 1097 1162 1179 1437 1439 1448 1513 1557 1654 1715 1778 1812 1884 10000];
y31 = [0.0 3.728575724165581 12.675911352868354 13.701513481006314 19.185477950637818 24.38310817583144 24.53643379773479 26.93248525663079 27.97650813086315 28.74205266708023 29.562317654930666 33.29522767229493 33.82672037578322 38.79978003462017 38.86127281937646 39.366488870347744 40.22820053691057 42.35010795098998 44.4999173775359 45.30907573906472 45.834067002754985 45.849507922275286 46.04861451608971 46.08464332830375 46.16157703258034 46.42813606429924 46.50127726202699 46.6123435252432 46.77487952019374 47.096700790195825 47.14952498855476 48.33495417839409 49.670488369496084 49.799162698831935 49.90101858900095 50.22636147222696 50.23232112537515 50.272955124112784 50.56849974159787 50.70530087068124 51.01628640768663 51.228937667746926 51.43427480803445 51.435358381334126 51.473825233472425 51.47517970009701 51.52529496520676 51.757450544661125 51.870683954476675 51.92350815283561 52.26537552888159 52.352332286180136 52.73970974081227 52.87894890981991 53.049310711934744 53.32210029012675 53.344313542769996 53.4353336999423 53.752820676745706 53.773679462764356 53.773679462764356];
h31 = plot(x31, y31, 'k-o', 'linewidth',2);
hold on
x32 = [0 2 4 6 7 8 11 13 14 15 16 20 21 24 29 30 35 38 41 44 45 49 50 51 52 59 63 65 73 76 77 78 82 92 113 120 124 137 155 161 169 213 227 243 299 301 303 459 527 547 1052 1343 1733 1779 1811 1989 2569 2617 10000];
y32 = [0.0 0.896115118827357 10.77180217202268 17.121270814765854 18.577593329522767 23.635171705734 23.67553481114672 24.046658666283804 25.089056180566654 25.87681396942698 32.60282433380559 32.766173008730895 33.95295666519481 34.10899122034734 34.13960216606303 37.88361880974891 39.35267331077695 39.55177990459137 44.73180206366535 45.22482791501535 45.281986406572955 46.50181904867682 46.58335793947701 47.48245288487846 47.53527708323739 47.62710992038445 47.66964017239651 48.261542087341425 49.21264855112705 49.28091366900628 49.58350151293922 50.045103738598776 50.15996250836383 50.22768583959323 50.65921890618693 50.70445809144817 50.78545519559852 51.150077610937586 51.44372597514825 52.45361629044099 52.49154135592945 53.610330787839054 54.04430189435702 54.2905439267071 54.636474702626856 55.25871666996254 55.35000772045976 55.40093566554427 55.70433618945196 55.817840492592424 55.85820359800514 56.12584620302371 56.15943697531349 56.22390958664388 56.230681919766816 56.23257817304124 56.68280287905426 56.69092967880179 56.69092967880179];
h32 = plot(x32, y32, 'k-o', 'linewidth',2);
hold on
x33 = [0 4 7 9 13 15 18 20 21 22 27 28 29 30 31 34 35 42 43 44 45 49 51 55 59 61 62 64 66 68 69 70 80 82 83 88 90 94 96 105 106 131 178 181 192 196 214 217 223 311 428 464 468 472 503 520 570 602 642 686 690 724 741 771 816 907 925 988 1003 1111 1522 2306 2483 2543 2547 2571 2749 2764 2818 2844 2975 10000];
y33 = [0.0 3.064345291467673 3.436552719904429 4.939739779872085 6.174471554846417 6.513359104318311 12.108931623815858 12.404476241300937 13.144827698300686 14.539115641651474 18.788619229633564 21.005068414109207 21.18656694180399 21.95211147802107 21.981638850437086 21.982180637086923 22.673500402276588 22.70682028124145 22.869356276191997 28.108974966747844 28.690853828670807 28.737176587231716 29.40276148655421 32.57140070811515 32.59198860080889 32.798680207721 36.0895224180781 36.25720538620208 36.44192453453754 36.505313572568255 36.784333697233365 37.32124426722001 37.59267937878743 37.84542285093553 38.193249880129706 38.591463067758546 44.729093130416175 45.33562328490664 45.34104115140499 45.38004979019312 49.54747270072518 49.65853896394139 49.939997128530756 50.44440049952729 50.47257340531872 50.52756475027699 50.81606614131421 51.491944986983576 51.819184123484014 51.88609477473866 52.041045756591515 52.41162782507876 52.55980647380868 53.03982944556263 53.12082654971299 53.123806376287085 53.14222712238148 53.144665162305735 53.263045545294716 53.44833657953834 54.04050938780817 54.04267653440751 54.45091277505831 54.75648044556534 54.79711444430298 54.80063605752691 55.01978875738523 55.1779904591371 55.40039387889443 55.73386356186797 55.77693560052987 55.82948890556388 55.86037074460448 55.90777707646506 55.9608721681489 55.98552346071641 55.99337936713901 56.09415168400835 56.122053696474865 56.311980016500414 56.454740798731976 56.454740798731976];
h33 = plot(x33, y33, 'k-o', 'linewidth',2);
hold on
x34 = [0 20 21 22 24 25 26 27 28 29 30 34 36 40 43 48 53 61 70 71 72 75 76 77 99 121 123 126 128 144 154 204 379 444 460 538 543 548 562 635 640 767 782 789 969 1066 1543 1544 1613 1646 1927 1928 2002 2013 2130 2341 2638 2756 2844 2857 10000];
y34 = [0.0 1.4059363563222438 2.795348219824515 8.356246393732611 14.435092604883122 14.861478698303396 14.862291378278147 23.120474388390594 24.373897802784242 32.00255482504656 36.2501320604959 37.34833359971177 37.79341133255136 37.9789732601199 38.00579169928674 38.01852368555787 38.270454477731214 39.714045006217 40.34685181322447 41.051716244660014 41.21912831945908 44.34550818233288 44.74561762323614 45.03276454764878 45.37625728364427 45.52877022557287 45.58809586372982 47.92644704441838 48.64377256880013 48.709328753430185 48.90951892054428 49.27739205578235 49.96464842109825 50.125017269449465 50.169443774735946 50.38101146149658 50.4538817658994 50.75917854308152 51.20290180929652 51.22213523536566 51.36381244429756 51.85954722889673 52.12989876716448 52.75999664092277 53.0948207905209 53.126786202861176 53.64879763997735 53.95490709713422 54.00285521564463 54.18868803653809 54.24395027482128 54.24720099472029 54.56062457164993 54.77490119165974 55.526359274981104 55.704607082776874 55.72844569536962 55.73521802849256 55.89233615694476 56.2011545473508 56.2011545473508];
h34 = plot(x34, y34, 'k-o', 'linewidth',2);
hold on
x35 = [0 11 12 13 14 16 17 20 21 22 23 24 25 26 30 34 40 42 43 45 50 57 59 64 72 74 75 76 81 83 84 87 90 91 103 113 115 119 132 137 138 144 149 155 160 164 173 180 189 190 204 230 287 326 337 547 769 994 1417 1471 1744 2167 2174 2205 2553 2934 2950 2953 10000];
y35 = [0.0 10.332413199006364 11.289479315940175 17.542509935012692 18.029034346564668 24.113840210863366 25.13185732590363 29.008069912149296 34.54892198001349 34.81737726500681 35.149492481355765 36.606627676087435 36.64834524812474 40.30191362054648 42.35067983689814 42.94041460524371 43.53610902673747 43.62712918390978 43.733319367277474 44.53164199580958 44.875134731805076 45.377912742852104 45.83518067531298 46.05297890854671 46.20413738385072 46.49020073496369 46.76136495320619 46.77897301932583 47.18829283327629 47.386014861207805 47.40714454055138 47.59649897466876 47.633340466857554 48.15806083722291 48.68386478088794 49.27793384243219 50.5324408301255 51.530411839121875 51.965737412264424 51.97874029186047 52.10308032799764 52.79656723978665 52.8821695304606 53.398492207753506 53.52906279036378 53.682659305592054 53.69864201176219 53.82135668794985 53.830025274347214 53.8991030722012 53.93540277774015 53.97251516325386 54.12936239838114 54.234198115124244 54.60748911686067 55.12272822085391 55.49899904916443 55.51416907535982 55.70704512270113 55.714359242473904 55.760140214384975 56.0470162454727 56.08467041763624 56.32657815678764 56.34012282303352 56.66871642615855 57.22648578216384 57.328341672332854 57.328341672332854];
h35 = plot(x35, y35, 'k-o', 'linewidth',2);
hold on
x36 = [0 6 7 8 10 11 12 13 16 19 20 21 22 27 28 29 30 35 36 39 40 51 53 62 65 74 75 80 81 90 96 107 119 122 126 127 131 137 148 162 170 171 220 224 225 226 228 231 233 236 250 253 266 413 423 445 470 481 490 501 573 607 639 722 775 884 925 959 1242 1281 1324 1537 1538 1539 1762 1941 1962 10000];
y36 = [0.0 0.5688759823269195 0.5772736753993645 0.7755675892390336 6.072886558002324 9.444424879926533 12.976873836851786 14.522049362181667 19.868941809404873 25.006162823141874 25.69423186843253 26.525874375929504 27.440681134176174 28.701418668342594 33.58129102340789 34.06700275498511 34.586305258852114 34.73800552080596 34.88320434296178 35.4967777239001 35.6923627044906 38.04290408480045 39.03518633397354 39.05252350676827 39.14489813056517 39.254609927156785 39.293889459269835 39.43041969502829 39.46644850724233 39.99225245090736 40.04345128931678 40.16372792558018 40.17050025870313 40.375837398990654 40.62641372453941 40.89297275625831 41.11998136253924 41.45697265873672 41.63820029310658 43.3242403473936 43.3981942250961 43.52283525381651 43.766639246242335 44.15672563412365 45.796713823174684 46.80443699186808 46.96128422699536 47.701093897345274 47.94137627654717 48.96156053818678 49.61387166458831 49.70028663523702 49.79266125903391 50.04377937123251 50.12721451530713 50.144009901452016 50.43359486578891 50.61536428680861 50.68390029801276 51.55018705184086 51.68346656770031 52.73940874822903 52.82446925225315 53.396866847804006 53.41284955397414 53.53041725698837 53.56915500245159 53.67019821264584 53.673178039219934 53.67561607914419 53.860365326737984 53.99364484259743 54.08791571966875 54.293252859956276 54.42842862909015 54.4831490807235 54.495339280344794 54.495339280344794];
h36 = plot(x36, y36, 'k-o', 'linewidth',2);
hold on
x37 = [0 7 8 10 12 13 14 16 17 18 19 20 21 23 25 26 27 28 29 31 33 34 39 40 44 45 47 50 51 53 68 69 93 95 109 111 113 115 124 143 161 169 181 242 268 271 287 380 577 614 743 758 795 862 916 940 996 1013 1057 1068 1259 1320 1445 1454 1568 1768 1781 1787 1902 1924 1963 2076 2190 2194 2304 2461 2558 2688 2723 2797 2881 2885 2949 2966 2994 3011 10000];
y37 = [0.0 0.16768296812398245 6.4459066664138325 11.509173802448334 12.979311876776045 13.530308899658403 14.623905252350676 14.993674640863174 15.619438221422786 15.794977095969378 20.1574432004421 20.350590141108334 20.425115904718993 20.473876703204155 20.811409786051463 20.92464319586701 20.996159033645252 24.96122463046388 31.18256073052104 32.127165754508646 35.232686831363786 35.80126182110747 36.15342314350032 40.96042519416279 41.18878826706831 41.86060371286391 42.54542203825555 42.56384278434995 46.26587096267361 46.32655106745515 46.474187929535226 46.62101211164056 46.69008990949454 46.732349268181686 46.76106396062295 46.775421306843576 46.82472389197858 46.84747893127165 47.16198608150096 47.2148102798599 47.25842410517163 47.27684485126602 47.357841955416376 47.388182007807146 47.41581312694874 48.12636631820755 48.32384755207247 48.86021633540928 49.41338050489098 49.44019894405782 49.6325332047493 50.02180691265586 50.04374927197419 50.19274060067886 50.315184383541606 50.41080972723751 50.49641201791147 50.56548981576545 50.76595087620446 51.402550189760774 52.05621578278689 52.099829608098624 52.71936264218513 53.089944710672384 53.20588705373711 53.53366797688738 53.58161609539779 53.653944613150784 53.67290714589502 53.68211751894221 54.22905114195081 54.25722404774224 54.30625573955232 54.458226894831085 54.48071104079924 54.51999057291229 54.820953056895725 55.160653286342374 55.42016909161342 55.42937946466061 55.47028435672316 55.59245724626099 55.697292963004095 55.85793270468022 56.01803065970651 56.05351768527072 56.05351768527072];
h37 = plot(x37, y37, 'k-o', 'linewidth',2);
hold on
x38 = [0 2 6 7 8 11 12 13 14 15 18 22 23 24 25 30 32 36 37 40 46 47 49 50 57 70 96 98 100 110 138 145 146 147 151 153 155 156 161 166 168 169 171 172 174 176 180 182 184 227 521 584 639 853 895 936 1193 1212 1250 1308 1661 1832 1834 1884 10000];
y38 = [0.0 1.5511351784780671 2.004610604390097 2.1993829050058378 4.4448176752476645 4.455924301569285 4.596788830526427 4.981186458584474 6.858477200263308 7.38455203725325 7.6278142430292375 8.342701727486734 8.72493220894544 8.8121598595689 8.960338508298817 9.787104935947273 10.010050142354443 10.286361333770374 10.932441913698804 12.069922985027725 12.1265396899355 12.35165204294201 13.4747757680503 13.605075457335655 13.85781892948376 14.454867817602107 14.677813024009275 15.417893587684105 15.436314333778501 15.498619798509544 22.594670444725573 25.38432990472682 26.831442046436536 29.890941357314013 35.818899986485434 35.97493454163796 38.19788516591163 42.229319627335066 42.28918705214185 42.85589588786943 44.89033485725878 45.03147027954084 45.0585596120326 45.05883050535752 45.61957968793691 45.729833271178364 45.73549193174331 45.88746308702207 46.916315935059046 47.141428288065555 48.23421196078307 48.31791799818261 48.6968977597423 48.790355956838866 48.8339697821506 49.57754185979103 49.5894611660874 49.67750149668562 49.93728819528158 49.98631988709166 50.0069077797854 50.04320748532435 50.342002822708444 50.821484007812565 50.821484007812565];
h38 = plot(x38, y38, 'k-o', 'linewidth',2);
hold on
x39 = [0 5 7 8 9 10 12 13 14 15 16 18 19 20 21 22 23 26 31 32 33 34 41 47 50 51 52 58 68 78 80 81 83 91 92 95 102 105 106 109 120 125 128 134 154 260 798 1048 1066 1224 1270 1344 1350 1362 1489 1915 2012 2222 2663 2780 2785 3034 10000];
y39 = [0.0 7.086298486518993 13.62132905683071 16.627703176766023 17.073623688838683 24.67787021260009 25.79991036440871 26.421068758444722 28.05943158754625 28.53349490615202 33.80237007579896 34.256658181685744 34.26180515485918 34.27318267450572 34.413505416813024 34.55978781226852 35.34023148135607 36.4024042083579 37.226461702757184 37.355136032093036 37.384934297833965 40.13558511904708 40.211164356699086 42.306012537545065 42.61428914130127 43.48466939426146 43.62743017649302 43.82816213025695 44.56147036080884 44.56309572075835 44.96672677488554 45.387965895132375 46.28922798713317 46.71964738116888 46.73346294073968 50.963191316002785 51.330251771266106 51.61035546923088 51.662637880939975 51.87691450094978 52.094983627508434 52.119905813400855 52.19440147775319 52.216072943746596 52.470983562494034 52.58611322558401 52.59396913200662 53.54859720901617 54.43116766159765 54.52489675201913 55.147680506004654 55.43645279036679 55.44783031001333 55.80838932547863 55.83114436477171 55.9235189885686 56.015080932390745 56.69637764455846 56.7231960837253 56.83968021343986 56.917968384341044 57.06939775296997 57.06939775296997];
h39 = plot(x39, y39, 'k-o', 'linewidth',2);
hold on
x40 = [0 5 7 10 13 18 34 35 36 37 38 39 40 43 44 64 65 66 71 72 78 86 113 115 123 125 126 127 135 137 140 142 10000];
y40 = [0.0 1.1307963836963293 2.5828736257877694 3.386496663729776 5.02629171740753 7.53845549488476 7.579983501035394 9.454916859809307 9.687529813180092 9.904148872290158 9.980751207959909 10.727413534762869 10.99902914255891 11.768980824162565 12.74909788824477 13.198329900725618 13.460124696256306 13.83331556233971 14.37149607448104 15.7012340552098 16.234925053172685 17.16004556856891 20.792062538932505 21.742997760854802 32.664302189199354 35.17927191303811 36.265734344222274 36.393124309035706 36.71861408697311 36.73993927932074 39.92833612992654 40.04730825565539 40.04730825565539];
h40 = plot(x40, y40, 'k-o', 'linewidth',2);
hold on
x41 = [0 24 25 26 28 29 32 33 34 36 37 40 42 48 54 58 69 70 76 77 82 88 90 93 94 107 116 209 212 261 303 335 343 346 457 493 497 999 1123 1168 1207 1372 1391 1578 1617 1633 10000];
y41 = [0.0 0.9242787314877688 6.227236760142093 7.138608138366827 8.951249487914788 10.04584916354739 18.47547322285387 25.11774062704795 25.542560906183496 34.441058602501535 34.981203277095936 35.024664268517846 35.60268921899289 37.89234145000084 37.900198099813124 43.5856066175439 48.22018822288193 48.2549819577649 49.86363100682967 50.12738996481343 51.98717121323509 52.01186354121655 52.12971328840078 52.690621966070495 52.699881589063544 52.7430931630311 52.815767173794704 53.21477274640418 53.70272681867414 55.402569124488615 55.544830605018156 55.8933291431201 56.331337370154834 56.343964128781714 56.36528932112934 56.495204637668145 56.498852367938134 56.594815733502436 56.60547832967625 56.99887200956267 57.00251973983266 57.18743160505744 57.46185315921501 57.55978068723238 57.595135611387654 57.72505092792646 57.72505092792646];
h41 = plot(x41, y41, 'k-o', 'linewidth',2);
hold on
x42 = [0 6 8 15 17 24 28 29 32 33 36 40 42 57 59 77 83 84 86 87 92 93 99 101 103 113 114 115 128 133 134 138 140 142 145 149 160 164 170 457 467 516 803 829 10000];
y42 = [0.0 0.04349216860370497 1.721728687434411 2.6137390357645924 2.9069604305444097 2.954942113326562 3.750989096092439 5.561946877823484 6.478930148771276 6.509795558748099 7.0830504004085455 7.544909171516277 8.845465310085132 9.110346646613504 9.837367348885758 10.055950570448895 10.561020915524178 12.536687748676997 14.266834275195995 19.675576481679975 19.682310752947647 19.8930373246985 23.284304097242877 23.429652118770097 26.309394869607672 33.20809459406374 33.7729315966396 34.43906326286667 34.44832288585972 42.11641310264713 42.966614850190524 43.606090025983065 43.70878766281504 43.96525116025882 47.370828259247 47.47661243707665 47.48362730298047 52.685010073347435 53.018637095733276 53.643521350445866 53.792517102243075 53.86406873446207 53.94067107013182 54.21368965110863 54.21368965110863];
h42 = plot(x42, y42, 'k-o', 'linewidth',2);
hold on
x43 = [0 10000];
y43 = [0.0 0.0];
h43 = plot(x43, y43, 'k-o', 'linewidth',2);
hold on
x44 = [0 8 11 16 17 23 24 33 37 40 49 50 52 55 63 67 84 98 114 115 134 177 178 206 211 215 224 246 249 250 256 259 271 295 326 328 347 357 374 375 378 379 385 405 411 446 463 511 551 581 610 636 713 779 780 787 853 868 1359 1372 1385 1692 1729 1818 1905 2060 10000];
y44 = [0.0 0.7017671850184912 1.6414786214946715 2.523387562923347 2.555375351444782 4.969611600904637 6.176729725634565 7.3176275162324 7.321836435774694 10.458323278692205 10.771747487275034 12.095312386008429 12.671653768666559 12.827383791731437 12.887992233140471 13.312531917639863 14.168345557906315 15.856683483638527 16.59885629626304 17.456914693618717 17.702996189524843 17.73750932977165 26.003546716200972 26.224374694853335 26.417704399162705 27.70002188638162 28.011481932511376 28.141958438322494 28.156268764766292 28.36334760624716 37.79553630052808 38.96645771719428 39.346663449181506 39.76054053750708 39.785232865488545 40.53413994938073 40.55406216854759 40.77741549892532 40.799863069817555 40.98645850285926 41.66353335989629 43.204559101648215 44.09292171970841 47.28805284158188 47.37335361097237 47.92977277446364 49.45424343268254 49.56114998905681 49.99803583754693 50.11307963836963 50.16414786214947 50.33166285993277 50.60047252136728 50.96552614300225 52.17657259263832 52.63618660665683 53.48189884002178 54.47099493246087 54.50101855852923 54.5453525110414 55.39471247467633 55.450550807270766 55.64500289012475 55.815604428905736 56.014265431302015 56.04541143591499 56.04541143591499];
h44 = plot(x44, y44, 'k-o', 'linewidth',2);
hold on
x45 = [0 6 8 10 15 16 18 19 21 26 30 31 40 41 46 50 64 65 66 68 69 75 79 83 101 140 142 143 144 146 410 977 1095 1147 1168 1214 1258 1269 1309 1313 1322 1357 1395 1435 1483 1497 1549 1761 1784 1827 1887 2091 2154 2186 10000];
y45 = [0.0 0.04826227741830487 1.6232399701447306 10.321954285521878 17.968158120689363 18.496798415201496 18.62362719074262 18.783285538713642 23.5494660284074 25.337415049973906 32.18252119892476 34.4996717042757 34.77072612279944 35.0732071405723 35.10266957736836 38.60869955609929 38.88059575853148 39.0068633448003 39.82227135746073 39.85650390307139 46.72882773172908 46.86014602144866 46.863232562446335 46.931136464395344 47.235581644621284 48.125347235862236 48.50022166976256 48.82290550133844 49.1391356562828 49.142222197280475 49.59650491321208 49.73876639374162 49.9904597823708 50.01262675862688 51.027256962955896 51.19701671782842 51.32861560218415 51.517175197678924 51.5584226091934 51.851082814700916 52.15777275201607 52.3656933774054 52.73916483812496 52.88787999528601 53.02452958309249 53.0828932674123 53.36376849820139 53.37330871583059 53.52258506226395 53.69964027767645 54.021201730707716 54.09331455219902 54.23669841127317 54.37054205271812 54.37054205271812];
h45 = plot(x45, y45, 'k-o', 'linewidth',2);
hold on
x46 = [0 4 6 7 9 12 13 14 16 18 20 21 25 27 29 31 34 36 39 40 43 45 49 57 62 79 80 85 96 301 432 629 747 796 810 896 948 1027 10000];
y46 = [0.0 1.7335136621528342 1.7817759395711392 1.7845818859326685 7.859736353279871 8.723967832630912 9.2868406727537 10.22374616286835 12.117479362264511 12.305197173850825 12.337184962372259 12.550156291212337 12.703641557187993 12.855443255346731 20.182049799936024 28.487089840790603 28.987109482415136 34.07906034468245 40.1486029193066 40.6225272597689 41.03051186073527 44.43861431144882 47.48026016734664 47.49485108842659 47.772078588945696 48.07680436380778 48.86134696649139 48.865836480669834 48.96881471213796 49.19525458351338 49.60323918447975 49.63298221591196 49.96745102220626 50.04938465596292 50.07744411957821 50.36617600017958 50.62909317425488 51.338436414449504 51.338436414449504];
h46 = plot(x46, y46, 'k-o', 'linewidth',2);
hold on
x47 = [0 2 4 6 7 8 10 12 14 19 20 22 39 45 48 49 56 58 59 67 71 72 74 75 81 86 96 101 104 105 107 116 119 166 167 175 181 194 363 438 451 457 549 552 634 649 684 714 726 736 835 912 1016 1098 1294 1380 1556 1833 1877 10000];
y47 = [0.0 1.1117159484379298 11.583507769665475 15.897930895153008 22.739950503106183 25.735298244038766 32.422710207471674 32.828169456712665 32.93255066136156 33.187611185624576 34.49658516327802 39.41484794576667 39.479665306718 39.510250122058665 39.63118641024058 43.21999180663662 43.712715987721175 44.39596392675357 44.700409106979514 44.729590949139414 44.74726841121705 44.76466527865853 44.855016751499775 46.730791894182154 46.88680251188318 47.08153518937332 47.24792780861201 47.25129494424585 47.332667388730194 47.464266273085926 47.620557485423106 47.67527343947293 47.93426228864209 48.07287603890164 48.85966339867447 49.37371277210665 49.730067960020875 49.92620361069178 50.34625378101272 50.39367427452257 50.65631085396171 50.76882930305904 50.804184227214314 51.24584018451903 51.40970745203235 51.9310522860045 52.15861453592453 52.2130498953382 53.05792034479469 53.212247394678805 53.226838315758755 54.53048099532529 54.760007407698396 55.2625524010483 55.27097024013289 55.36300528079105 55.3674947949695 55.51003687013519 55.65285953993703 55.65285953993703];
h47 = plot(x47, y47, 'k-o', 'linewidth',2);
hold on
x48 = [0 5 9 10 11 12 13 16 18 19 20 22 23 29 30 33 34 36 37 38 39 42 44 45 60 61 71 72 84 92 96 98 99 116 418 419 595 677 826 1031 1114 1134 1171 1280 1519 1721 2078 2124 2268 2640 2642 2720 2723 10000];
y48 = [0.0 5.387697608772511 13.619502449591174 13.959021959336225 21.120638857867593 22.35244931057898 22.40211456117805 23.16982148569248 23.635047392434046 24.074458592649542 24.1277715735186 24.757425937045788 25.227141357965802 29.16163934610226 30.315163895326975 37.024742835015964 37.126318093303325 37.139225446566364 40.195742818180285 40.9808466101362 41.863316740837185 41.94889810486383 42.15401278389162 48.71824370205339 49.43488240278799 50.20651765220856 50.24495911736151 50.27582452733834 50.67819723558164 50.96215900736841 52.247001846312706 52.443698686255914 53.284079621533955 53.801496130599965 54.59221181527894 55.23252877497994 55.417721234840876 55.78445842429276 56.0316622987435 56.5288759940065 56.82434214587554 57.21100155449428 57.226434259482694 58.052224273680785 58.23208543545481 59.032060743126834 59.14682394931339 59.18470422519403 59.25457228959611 59.71783403388461 59.721201169518444 59.79527815346282 59.8031348032751 59.8031348032751];
h48 = plot(x48, y48, 'k-o', 'linewidth',2);
hold on
x49 = [0 28 32 34 36 48 59 62 63 64 68 69 70 72 74 76 80 82 84 85 91 98 100 102 107 109 114 120 128 132 145 159 167 256 387 397 405 470 508 533 726 730 792 794 831 848 869 870 872 964 1043 1050 1081 1099 10000];
y49 = [0.0 2.5261935092848766 8.230401867637898 8.288204362685402 8.52586801950694 10.002356994943685 12.208392024378062 13.31814381036292 14.13916371574641 14.367287154938746 19.701110593569894 20.737627179518835 20.932359857008972 21.126531345226805 22.258169512831593 29.610871358583108 39.73388404707256 40.03496209166465 40.64216888429961 46.113764289281846 46.56159332858193 46.57281711402805 46.61350333627023 47.01475366596892 47.03271172268271 47.22884737335361 47.596987535986266 48.4325983624497 48.68260818326197 48.73199283922489 48.84900080250066 49.40794531771731 49.512607117002354 49.984286700375435 50.26460074189222 50.301358639228255 50.36140589136498 50.82186168929195 51.04100610012739 51.24555958988288 51.25509980751208 51.27530262131509 51.35835863361636 51.45881151335911 51.933297043093724 52.00989937876348 52.209963354340516 53.30933313878772 53.31775097787231 54.37811810789425 54.584916354738965 54.591931220642785 54.862985639166524 55.01113960705527 55.01113960705527];
h49 = plot(x49, y49, 'k-o', 'linewidth',2);
hold on
grid on
set(gca,'FontSize',20)
xlabel('iterations','fontsize',24);
ylabel('%','fontsize',24);
title('N-200-x','fontsize',24);

