
x00 = [0 2 3 4 8 12 13 15 24 25 27 37 52 342 429 446 458 517 719 10000];
y00 = [0.0 1.5443477996295634 2.148151810537285 2.2611083431900902 13.178186077822106 14.46041386969304 15.130622630099683 23.477083515572406 26.65013520554666 29.43365800413033 30.620043889507972 31.0150494612696 31.35665739941354 32.7826480510244 33.201614099409355 34.01421654946317 34.45098180905402 34.92676841628856 35.50661195057296 35.50661195057296];
h00 = plot(x00, y00, 'k-o', 'linewidth',2);
hold on
x01 = [0 5 7 12 14 31 33 81 10000];
y01 = [0.0 11.448239665618237 12.091065024169655 15.000551471287363 29.300163920086106 26.063445820798453 29.193368652850726 37.744520467191265 37.744520467191265];
h01 = plot(x01, y01, 'k-o', 'linewidth',2);
hold on
x02 = [0 2 3 4 10000];
y02 = [0.0 1.7812902906824173 -5.115219466556119 -6.4570061574621676 -6.4570061574621676];
h02 = plot(x02, y02, 'k-o', 'linewidth',2);
hold on
x03 = [0 2 4 5 6 7 9 10 11 17 18 20 43 54 57 80 100 10000];
y03 = [0.0 0.5572522277538384 1.4239368964717247 3.723458067264284 4.800310345221026 7.01836589549429 8.798287016083945 4.414128314057193 7.35579025835479 7.547474071341369 7.819330399759634 23.36557221801752 15.537342212654934 17.44664990701053 19.05542476600503 22.048430588781173 22.589252775421876 22.589252775421876];
h03 = plot(x03, y03, 'k-o', 'linewidth',2);
hold on
x04 = [0 6 7 8 9 10 42 65 66 68 69 70 73 74 75 76 78 94 100 136 138 222 228 269 279 285 323 342 347 367 374 10000];
y04 = [0.0 -5.39255247534543 -3.733802907965147 -5.468541415493681 -5.307663929594232 -4.58611129070904 2.6157233972152603 8.868799275861152 11.642053298749111 20.532759296094444 23.5819010926738 23.69075011504832 25.470671235637976 26.760353398013944 29.430235078898427 30.435966577036737 33.08736446166894 33.261249063449625 33.31738503725283 23.859158036457956 25.89169103916207 26.6967630537057 28.30143040242191 32.539011839518054 32.99418483035602 34.941144702262555 34.95689015832931 26.122320134787188 28.29382390190657 31.072554605165575 31.681226776403115 31.681226776403115];
h04 = plot(x04, y04, 'k-o', 'linewidth',2);
hold on
x05 = [0 4 8 14 16 18 21 25 35 42 45 46 49 51 55 56 57 10000];
y05 = [0.0 0.36625299981364073 -0.122540723302134 14.56591603184081 16.96401744931218 19.349796335948703 19.994599384634107 31.525749905869556 33.386452061932125 30.029246994481483 31.750978386128786 32.221288312992286 32.32945275032042 33.16601567699756 33.189291568574504 29.920474037112115 31.113629707948412 31.113629707948412];
h05 = plot(x05, y05, 'k-o', 'linewidth',2);
hold on
x06 = [0 1 3 7 8 9 12 13 35 43 53 54 55 10000];
y06 = [0.0 1.5266246534288204 12.313631229248516 12.828439184126754 9.100873606584187 13.3500929894688 13.61084382713467 15.07311748620371 18.51315734426641 29.912943601601928 32.30070017837244 27.526404064913876 30.537209098895918 30.537209098895918];
h06 = plot(x06, y06, 'k-o', 'linewidth',2);
hold on
x07 = [0 1 2 12 15 16 22 26 27 28 29 548 10000];
y07 = [0.0 10.112005720088387 20.792217028672702 32.213757877482095 32.54098952965204 33.222151650800775 35.17527278812473 34.28805056801543 35.222509156324996 36.37329661929085 34.508486952949994 36.534174105190296 36.534174105190296];
h07 = plot(x07, y07, 'k-o', 'linewidth',2);
hold on
x08 = [0 1 5 14 15 23 25 48 194 223 246 514 10000];
y08 = [0.0 15.981637907755967 16.023397595585188 24.315776262393843 26.865855560161716 31.610714516625908 32.285639307352064 33.62537224311897 33.977933542005 34.50985612304275 35.00344194148319 35.99129816341045 35.99129816341045];
h08 = plot(x08, y08, 'k-o', 'linewidth',2);
hold on
x09 = [0 14 15 16 18 19 20 23 25 53 56 59 590 621 763 798 10000];
y09 = [0.0 8.707237204915321 9.554068907288169 9.905261036081436 10.740454792665812 10.801306796788536 9.958582604693971 18.380347845268567 19.305222242928807 28.437586761646504 29.492532318119064 29.89643749548364 31.285536619595106 33.832877577177456 34.655672737921826 35.79208391491368 35.79208391491368];
h09 = plot(x09, y09, 'k-o', 'linewidth',2);
hold on
x10 = [0 3 5 16 17 18 21 30 36 51 59 83 93 97 140 171 175 185 192 195 196 198 296 330 10000];
y10 = [0.0 0.6486000898338075 4.824075460398263 5.944602485402006 0.27069920646803414 19.250786045815243 29.54993262464441 33.38284174277587 33.819434047013026 41.581075011229224 41.645755352597696 43.01602036232969 36.26590807007037 37.71762239856266 44.130558466836355 45.66611768228777 46.50456655187902 47.54005090582422 47.64785147477167 42.70938763287917 44.813894295553226 45.37385836203024 46.79862254828567 47.01901482257823 47.01901482257823];
h10 = plot(x10, y10, 'k-o', 'linewidth',2);
hold on
x11 = [0 2 3 6 8 13 14 16 19 1333 1349 1447 1504 1513 1517 1526 1529 1536 10000];
y11 = [0.0 5.957778110495584 21.6685132504866 30.608773768528224 41.84039526875281 41.902081149872735 43.8287168737835 41.712831262165 43.18131456804911 43.97185207366372 45.53675699955083 45.7206168588112 46.15481359484953 46.16080251534661 46.300344362928584 46.30273993112741 46.795029195987425 47.10046414133853 47.10046414133853];
h11 = plot(x11, y11, 'k-o', 'linewidth',2);
hold on
x12 = [0 6 8 9 10 13 19 20 29 30 35 52 469 514 536 619 672 10000];
y12 = [0.0 13.767929330738134 14.895643060338374 15.73109746968109 27.134002096122174 39.33043868842641 39.70115286719569 37.29899685581674 41.1768228776763 41.50082347656835 43.24839047761641 39.29510405749364 45.38044617457703 45.399610720167686 37.75116035334631 38.3764036532415 38.816589309776916 38.816589309776916];
h12 = plot(x12, y12, 'k-o', 'linewidth',2);
hold on
x13 = [0 2 5 9 11 15 17 18 23 24 25 40 42 67 146 812 855 859 868 900 904 1144 1182 1215 10000];
y13 = [0.0 0.6923192094624944 0.7150771073514 1.0187153765533763 12.300044916903728 27.010630333882318 39.487348405449914 40.74202724958826 43.03219044767181 43.30827968258721 44.108998353046864 45.7649348704896 45.873933223536454 40.77017517592454 46.464440784548586 47.42566252432999 48.18146429106154 50.90582422518341 51.238209312771374 51.335828716873785 51.38673454109897 40.38808204821081 42.720167689773916 43.45920047911364 43.45920047911364];
h13 = plot(x13, y13, 'k-o', 'linewidth',2);
hold on
x14 = [0 1 6 7 10 13 35 39 45 279 10000];
y14 = [0.0 3.1124419823326845 5.276837849977541 6.4728252732444975 2.182961521185806 9.115136996556371 31.53525976942656 32.055696960622846 42.141039077706246 36.8192843240006 36.8192843240006];
h14 = plot(x14, y14, 'k-o', 'linewidth',2);
hold on
x15 = [0 2 3 15 46 75 77 115 130 139 367 379 416 441 466 509 562 10000];
y15 = [0.0 14.454259619703548 20.85821230723162 32.8935469381644 27.37056445575685 29.410989669112144 36.32280281479263 37.145081599041774 37.37505614612966 41.743973648749815 42.72316215002246 42.817787093876326 45.82242850726156 46.01646953136697 46.35544243150172 34.77466686629735 41.339721515196885 41.339721515196885];
h15 = plot(x15, y15, 'k-o', 'linewidth',2);
hold on
x16 = [0 4 5 6 8 10 11 13 14 22 23 35 39 40 45 49 57 63 167 179 181 189 218 222 231 316 340 398 407 443 462 561 581 582 703 773 785 794 797 823 830 862 875 877 10000];
y16 = [0.0 1.6505464889953585 -0.3551429854768678 -0.33058841143883816 22.64949842790837 24.598293157658333 27.03219044767181 28.407246593801467 31.24120377301991 37.77571492738434 38.09372660577931 38.59140589908669 38.66387183710136 39.37715226830364 40.05090582422518 40.48150920796527 41.99071717322953 42.67764635424465 22.980685731396914 24.41622997454709 25.900883365773318 29.700254529121125 31.55681988321605 32.65159455008235 32.68333582871687 35.09088186854319 35.59335229824824 36.43539452013775 37.68588111992813 37.759544842042224 40.87019014822578 43.1735289714029 43.69696062284773 43.82033238508759 43.94550082347657 30.880071867045967 31.05914058990867 32.06048809702051 32.15930528522234 33.33792483904776 33.66012876179069 41.17083395717922 41.632579727504115 42.51354993262464 42.51354993262464];
h16 = plot(x16, y16, 'k-o', 'linewidth',2);
hold on
x17 = [0 5 8 9 11 12 14 19 21 22 41 362 364 10000];
y17 = [0.0 11.787992214403355 16.135948495283724 30.647102859709538 31.48674951340021 45.41997304985777 46.45665518790238 46.981284623446626 47.87483156161102 47.935319658631535 48.640215601137896 41.624794130857914 42.344662374606976 42.344662374606976];
h17 = plot(x17, y17, 'k-o', 'linewidth',2);
hold on
x18 = [0 7 12 14 15 49 50 51 65 68 72 288 310 10000];
y18 = [0.0 0.7893397215151969 3.721515196885761 5.160652792334182 5.236712082647103 25.172031741278634 28.827668812696512 33.74038029645156 37.43434645905076 37.69426560862404 38.62733942206917 26.854918400958226 36.8935469381644 36.8935469381644];
h18 = plot(x18, y18, 'k-o', 'linewidth',2);
hold on
x19 = [0 3 4 7 9 10 11 13 26 30 32 33 37 40 42 43 56 60 66 68 190 425 437 489 10000];
y19 = [0.0 15.882018266207517 16.420422218895045 24.80970205120527 33.52477915855667 34.59020811498727 36.3503518490792 39.54064979787393 39.7466686629735 41.331337026500975 41.578679443030396 42.00089833807456 37.99490941757748 41.34151819134601 41.6014373409193 42.22847731696362 42.90702200928283 43.70055397514598 41.293606827369366 41.50321904476718 29.360083844886958 37.86435095074113 38.33567899386136 40.025752358137446 40.025752358137446];
h19 = plot(x19, y19, 'k-o', 'linewidth',2);
hold on
x20 = [0 2 3 5 7 10 17 19 21 31 116 123 145 325 365 665 735 750 780 808 834 1173 1872 2716 2723 2820 2924 3276 3320 3385 3410 3430 3497 3534 10000];
y20 = [0.0 0.6714794615554365 13.653415718293875 26.51807950569024 28.57034771917657 29.574729674348223 36.74915671006589 36.87525613946597 39.126130954257434 39.35184893288358 39.62989817471076 39.63809463762176 39.712493300967814 39.93631978815296 40.285615207591185 40.53087859777435 40.701743324611456 41.90410138394124 42.26159326629047 42.9311812364049 43.78235238485546 44.10831940985467 44.155606695879705 44.59001923016298 44.607673150279 44.77601588852811 44.78673434002711 44.86743797484316 44.871220957725164 44.87752592919517 45.35355127518048 45.895148324453835 46.083666971406956 46.48781564263422 46.48781564263422];
h20 = plot(x20, y20, 'k-o', 'linewidth',2);
hold on
x21 = [0 4 5 6 7 8 9 11 12 15 27 29 33 446 538 672 697 1147 1219 1236 1247 1287 1411 1471 2463 2803 3181 3221 10000];
y21 = [0.0 -1.7426941143091328 7.749440433782037 12.568960625453169 12.576526591217174 22.701680274896756 25.511175561930582 35.874657167176316 35.90807351596734 36.53667917152675 37.37145739415529 37.50070930929038 39.2301629835125 39.3865262759686 39.79382743293087 40.77929447369251 41.68027489675609 41.792503388922164 42.51063963935563 43.347309353425175 44.73440307682608 44.7678194256171 44.79430030579112 45.855427004192805 46.91150972541849 46.94429557706251 46.95816651429652 47.47517417483686 47.47517417483686];
h21 = plot(x21, y21, 'k-o', 'linewidth',2);
hold on
x22 = [0 2 4 7 11 14 19 22 46 50 51 52 59 103 136 148 153 316 338 357 392 438 460 473 621 632 718 985 1001 10000];
y22 = [0.0 0.1475363323980959 1.8334857034771919 -3.2376028498471046 -0.601494278238391 1.3309794773178651 4.067337095299644 6.132215251725986 7.319441379527758 19.946407742504967 20.531509094921347 21.698559314019104 22.622237634374706 22.827149207149837 23.24642980990511 23.33785189622017 24.481573720878913 24.78105986570411 25.979004445004886 26.23183380095205 26.475205699694207 38.926263358658304 40.37262381387724 40.75848806784149 40.93250528041361 42.008133413196305 43.93871567731156 43.944390151634565 44.44437438920589 44.44437438920589];
h22 = plot(x22, y22, 'k-o', 'linewidth',2);
hold on
x23 = [0 3 5 9 15 18 20 22 25 26 43 45 10000];
y23 = [0.0 15.297121780523943 23.63103306957536 15.879070647205321 16.254846946817565 19.068125216733396 19.165852274518457 19.669619494971784 25.08874247344031 31.75246682008764 32.65659972888623 32.964912833769425 32.964912833769425];
h23 = plot(x23, y23, 'k-o', 'linewidth',2);
hold on
x24 = [0 2 3 4 10 11 103 118 299 326 334 371 379 486 513 519 531 10000];
y24 = [0.0 0.13933986948709057 9.041329087985877 7.633428958733962 18.948961255950316 28.79984868068472 32.48195201916711 32.85457583304436 34.104221178399165 34.358942025787336 34.53737271838845 37.976104158128685 38.172188770845814 38.28630875445289 38.73774471170518 39.10973802843542 39.25159988651051 39.25159988651051];
h24 = plot(x24, y24, 'k-o', 'linewidth',2);
hold on
x25 = [0 7 13 14 16 19 30 33 60 61 64 65 67 103 107 153 169 192 199 229 251 348 575 610 829 926 1488 1491 1615 1655 10000];
y25 = [0.0 1.7956558746571671 6.295514012799092 4.445004886352889 5.245105765896409 5.266542668894424 8.263926105734372 10.81365656820403 12.33882916679802 13.50840137448378 20.974118092115635 21.44257747233694 34.18051133318622 35.309731723463955 35.44465811292204 39.518300179691686 39.95397370826897 39.96153967403298 40.058005737524034 40.06494120614104 40.13618738375209 40.9167428517386 40.92872229753161 40.99996847514265 41.51823712997699 41.54723999873901 41.54913149018001 42.195391065855425 42.19980454588443 43.076195580215 43.076195580215];
h25 = plot(x25, y25, 'k-o', 'linewidth',2);
hold on
x26 = [0 7 8 9 11 12 13 18 22 24 26 27 30 36 273 10000];
y26 = [0.0 15.422590712777025 22.080010087954353 24.03329024936162 22.98603448819394 23.09069701459601 24.661265407774028 25.590618202452635 26.823870621985435 33.66665615838088 33.79212509063397 34.29778380252829 34.84190284038965 34.97304624696573 35.60228239967214 35.60228239967214];
h26 = plot(x26, y26, 'k-o', 'linewidth',2);
hold on
x27 = [0 3 4 8 9 16 18 19 21 26 28 42 43 51 52 53 62 181 187 216 428 513 1054 1540 1557 3436 4200 10000];
y27 = [0.0 -3.390813656568204 12.425837773084076 21.932473755556256 22.564862393997668 24.13606128432269 33.47813751142776 33.64774124397087 34.86649222912266 35.21515715141389 35.510860313357085 37.85567920305161 37.979256643863685 39.04605781658838 40.23769742441915 40.99051101793764 41.265407774029825 41.47347183253996 43.27417168437313 43.27732417010813 43.65183947542637 43.79685381923647 44.516251063963935 44.53894896125595 44.544623435578956 44.55092840704896 44.67639733930204 44.67639733930204];
h27 = plot(x27, y27, 'k-o', 'linewidth',2);
hold on
x28 = [0 4 5 6 7 9 13 14 15 33 38 52 57 59 67 2582 3073 3082 3159 3162 3328 4290 10000];
y28 = [0.0 0.8038838624255226 -1.3423284259638726 10.669272721540935 26.20030894360203 26.533841934365245 33.04876895432048 33.172346395132564 33.63387030673686 36.833012830616944 37.418744680180325 37.42820213738533 39.148198354402446 40.08007313766905 40.452066454399294 40.75974906213549 41.03212382963967 41.16768071624476 41.225686453768795 41.93373474985026 43.34037388480817 45.78670281516976 45.78670281516976];
h28 = plot(x28, y28, 'k-o', 'linewidth',2);
hold on
x29 = [0 5 6 9 11 13 23 26 28 29 34 51 67 69 299 300 316 329 351 385 505 731 1609 1814 2990 3291 3420 3634 10000];
y29 = [0.0 2.6840263547807446 3.8895368998455284 4.174521610289713 13.536143248951799 24.790517322909114 28.762018851864696 30.023643643012516 34.311654739762304 34.98502569275874 35.57580151949812 36.420037199331674 37.020270483276065 38.943286781627314 39.06434223385139 39.0744301882034 39.159547303048456 39.64187762050377 39.79761041581287 40.44450048863529 41.59200529617603 41.79124239462816 42.27798619211248 42.74014060086378 43.05917215724599 43.08754452886101 43.63544654960436 43.733173607389425 43.733173607389425];
h29 = plot(x29, y29, 'k-o', 'linewidth',2);
hold on
x30 = [0 9 10 12 15 16 23 26 29 30 38 43 58 71 72 79 142 203 207 217 232 264 277 295 339 386 512 541 931 1827 2049 2421 3254 3360 10000];
y30 = [0.0 -18.73078689798947 -2.2914384650719057 -3.3346878202183667 -0.11572029256916717 4.750715522419703 4.836401540581605 6.504187131196778 6.535988127627999 7.528885905091693 8.936963358185222 13.066676089184128 13.299883396346418 14.831631391116922 16.325394862372356 16.834210805271898 16.99674923147592 17.346560192219357 17.574467333309777 18.961344122115825 19.369456909649834 20.076145719232535 20.713932369880922 21.63351118335041 22.529239249496484 23.41790042754673 24.901063566658422 25.917812091445533 27.040563937670047 27.349740291862478 27.55998021271333 27.726052082965268 28.5661284053567 29.559026182820396 29.559026182820396];
h30 = plot(x30, y30, 'k-o', 'linewidth',2);
hold on
x31 = [0 10000];
y31 = [0.0 0.0];
h31 = plot(x31, y31, 'k-o', 'linewidth',2);
hold on
x32 = [0 21 23 25 28 30 31 32 55 59 61 63 66 69 134 178 180 188 320 327 392 404 441 442 491 532 598 623 953 10000];
y32 = [0.0 -45.40387265467651 -41.80417653086463 -34.79647362284018 -31.510370658280625 -16.812126779972438 -14.4853538744214 -13.583442281191477 -13.503939790113424 -12.354687113529558 -11.230168545281085 4.540475601568849 5.245397689127593 7.133140171725381 7.4458499699657255 8.359245256351366 9.352143033815059 9.487297268647751 11.691282993533797 14.624041553302003 15.363414720327903 17.79619094731635 18.27938942086852 18.88802515812162 19.33942263524257 21.811950107770045 23.55923818946327 23.659941344828805 24.252676583866293 24.252676583866293];
h32 = plot(x32, y32, 'k-o', 'linewidth',2);
hold on
x33 = [0 3 5 6 7 11 12 13 14 15 21 24 29 30 35 48 51 52 54 56 59 60 98 106 108 160 190 197 198 350 369 385 581 623 628 630 650 677 690 717 944 1120 1148 1161 1167 1188 1721 1748 1979 2249 2268 2773 2996 3042 3244 3274 10000];
y33 = [0.0 -14.651425744673332 -17.479947705028092 -17.993180452987527 -16.276810006713543 -14.671743047948835 -14.227412458923713 -0.04416805059891877 1.5282145507225893 2.4389597540722945 2.608565068372142 4.536058796508957 6.5633723189993285 6.761245185682485 7.511218684852126 7.520052294971909 9.56944984276174 10.545563760997844 10.709868909225822 11.4174410798205 11.624147556623441 11.683332744425993 12.066711423624607 13.13557824811844 13.320200699621921 13.991555068725487 16.805059891876613 18.00201406310731 18.06208261192184 18.240521536341472 18.34034133069503 19.288187696547826 19.946291650471714 19.99222642309459 21.076110384792056 21.109678103247234 23.50535316773259 23.519486943924242 23.555704745415355 25.276491996749233 25.61835270838486 27.159817674287126 27.427476060916575 27.43542631002438 28.731316914596658 28.802869156566906 28.867354510441327 29.1871311967775 29.207448500053 29.620861453658883 29.721564609024416 30.189745945372955 30.238330801031765 30.385852090032156 30.532490018020564 30.536023462068478 30.536023462068478];
h33 = plot(x33, y33, 'k-o', 'linewidth',2);
hold on
x34 = [0 10000];
y34 = [0.0 0.0];
h34 = plot(x34, y34, 'k-o', 'linewidth',2);
hold on
x35 = [0 10000];
y35 = [0.0 0.0];
h35 = plot(x35, y35, 'k-o', 'linewidth',2);
hold on
x36 = [0 16 17 19 22 28 30 32 36 37 40 47 60 64 67 68 73 128 137 228 266 309 365 507 524 635 647 676 879 1077 1118 1134 1233 1340 1652 1830 10000];
y36 = [0.0 0.15635489912017242 -1.350658987314936 2.6377159817674287 2.706618140701742 6.4829864669092965 6.8080633193173385 6.942334193138052 8.430797498321613 9.520864987102929 11.110031447652027 11.827320589378466 11.94569096498357 12.425355994487827 14.520688314900534 15.787428006077525 16.188473905515707 17.16017101869192 17.88276032649023 17.891593936610015 18.379209215222076 18.51171336701883 19.076181053673015 19.961308787675346 20.25900144871206 20.456874315395215 20.577011413024273 22.27659800007067 22.450620119430408 22.515988834316808 22.829581993569132 22.957669340305998 23.54687113529557 23.568071799583052 24.549485883891027 26.118335041164624 26.118335041164624];
h36 = plot(x36, y36, 'k-o', 'linewidth',2);
hold on
x37 = [0 6 13 38 39 63 68 69 70 76 77 78 82 85 86 87 88 91 108 110 111 117 314 373 392 393 531 10000];
y37 = [0.0 -17.17430479488357 -65.01360375958447 -63.393519663616125 -37.549909897176775 -37.770750150171374 -34.789406734744354 -33.2841595703332 -33.24175824175824 -32.80272781880499 1.235822055757747 1.8365075439030423 3.379739231829264 6.8592982580120845 9.01999929331119 10.878590862513692 11.176283523550405 15.396982438783082 16.11162149747359 17.00204939754779 17.2264230945903 17.47023073389633 18.058549167873927 20.73778311720434 22.926751704886755 28.868237871453307 31.0130384085368 31.0130384085368];
h37 = plot(x37, y37, 'k-o', 'linewidth',2);
hold on
x38 = [0 12 15 16 18 19 21 22 75 86 93 103 527 692 706 887 1143 1517 1653 1786 1941 2005 10000];
y38 = [0.0 1.9115932299212042 2.5078619130066073 3.730433553584679 0.7844245786367973 1.8462245150348044 3.405356701176637 18.639800713755697 19.516978198650225 20.866753824953182 21.47097275714639 21.750998197943535 23.592805907918446 24.443482562453624 24.45143281156143 24.76060916575386 24.762375887777818 25.77735769054097 25.82594254619978 26.274689940284794 27.161584396311085 27.181901699586586 27.181901699586586];
h38 = plot(x38, y38, 'k-o', 'linewidth',2);
hold on
x39 = [0 10000];
y39 = [0.0 0.0];
h39 = plot(x39, y39, 'k-o', 'linewidth',2);
hold on
x40 = [0 4 6 7 8 9 11 14 17 32 39 54 55 57 61 69 96 117 426 930 938 1003 1242 10000];
y40 = [0.0 1.3577943008909612 7.054563323758768 10.14630950222009 9.21498312263439 9.300393707696898 17.26931829483032 17.38807410830764 21.473157091126073 33.600875165994886 29.17005481487548 29.57663259993331 31.776832671303797 32.103849911371896 32.509842692422446 33.162707164544074 34.205184305512496 34.835233621350305 41.184867116339746 42.026687882812 43.54360327368242 45.53495691445487 45.785338629569615 45.785338629569615];
h40 = plot(x40, y40, 'k-o', 'linewidth',2);
hold on
x41 = [0 7 8 9 12 65 73 82 89 97 143 500 609 933 1062 1523 1595 1614 10000];
y41 = [0.0 6.926447446165006 3.7849759270851004 6.5333247532745595 8.029765003890276 23.262099345380516 26.207009518015198 22.679435354132174 22.746125810961804 38.87878131965204 41.32643808610089 41.52767946460433 42.21447416914806 45.1266241173752 45.4173711089921 45.54899701062952 47.88374800367382 48.86596973189266 48.86596973189266];
h41 = plot(x41, y41, 'k-o', 'linewidth',2);
hold on
x42 = [0 5 6 7 8 12 13 22 23 38 56 57 107 207 239 289 439 484 561 675 717 898 954 10000];
y42 = [0.0 1.795962302341771 5.205950660762026 11.879676375783173 11.256062104025412 31.983924089880016 35.569413650483504 30.675855129607637 30.887626580242074 42.89775884964812 43.00422957897261 39.278339056622535 39.356144589590436 40.460632155330266 41.066111302862424 42.127893576070996 42.14375368471274 42.28356964245205 43.100820240618646 43.13884550109168 46.82671076296872 47.769152218692696 47.7744172547582 47.7744172547582];
h42 = plot(x42, y42, 'k-o', 'linewidth',2);
hold on
x43 = [0 3 5 7 9 77 82 84 370 10000];
y43 = [0.0 -1.2156383271225408 -4.886538472788539 -4.646101825797507 -2.2932157085276033 15.302534822363533 33.355173482938355 38.51432382311819 41.14333183182305 41.14333183182305];
h43 = plot(x43, y43, 'k-o', 'linewidth',2);
hold on
x44 = [0 1 4 5 6 11 13 19 24 37 47 51 55 59 62 67 68 101 146 147 248 284 10000];
y44 = [0.0 3.1011062425777616 11.113321126249716 23.021077694382207 24.826400060840417 37.94511492403723 38.26394210800344 39.51702069159174 39.802502647143136 41.85235668864332 44.982128127577674 45.67535787620145 45.77480855743862 46.17202627838001 49.09412129473087 49.097046314767255 49.1192764670438 49.223992184346464 47.16243806270073 49.05668103826511 49.49601904773048 50.07224799489877 50.07224799489877];
h44 = plot(x44, y44, 'k-o', 'linewidth',2);
hold on
x45 = [0 2 4 6 9 11 13 15 16 17 18 19 22 25 27 30 299 321 475 484 564 897 1167 1235 1650 1722 1777 2044 2158 2172 10000];
y45 = [0.0 -1.212128303078876 -4.95732395766911 -3.7106804181608646 0.589099035328392 1.4221447416914805 2.673468313257946 7.3628604355939835 19.963911752795507 23.92438888206384 25.17278743359392 25.427784180321634 26.545141834221564 30.224817039996726 32.34721157839931 32.58413820134668 34.55092167381346 35.10667548072704 36.71660650875459 38.88170633968843 39.044337453711556 39.21106359578563 40.1769052118007 41.17901707626697 41.25565260122032 41.88511691305085 41.93425724966216 42.64094209045332 43.31369669882239 44.364948899899964 44.364948899899964];
h45 = plot(x45, y45, 'k-o', 'linewidth',2);
hold on
x46 = [0 2 4 6 16 18 19 24 33 36 40 41 42 47 57 779 806 828 848 940 1046 1110 1112 1663 10000];
y46 = [0.0 0.972861664102399 2.3885713617138276 12.952573725130017 24.5777733577475 37.703508269031644 39.47139037902409 40.08915461070908 41.980472566237076 37.59586753169259 37.859119334967446 37.542047163023064 37.549652215117675 37.662557988522224 38.935526708357955 39.899028308343915 41.65872036223448 41.66808042635092 43.15399060483564 43.99873639134428 44.374893968023684 44.82710206564915 46.57509403939417 46.68858481680599 46.68858481680599];
h46 = plot(x46, y46, 'k-o', 'linewidth',2);
hold on
x47 = [0 5 6 7 8 9 78 92 123 128 130 138 150 159 340 354 432 847 1276 1309 2709 2711 10000];
y47 = [0.0 0.40189775299960806 1.398159577393105 -0.8447457865086376 1.7380469056213035 4.629136709586461 31.28373929361416 32.685408895050934 25.584630254717244 28.435939786187536 29.135019574884087 29.648068089266413 34.51647143782935 36.32647383634578 39.11746295462124 39.452670250791215 40.30326607737263 41.146256851859434 41.1913021604198 41.41126366715612 42.958599266404974 43.209565985527 43.209565985527];
h47 = plot(x47, y47, 'k-o', 'linewidth',2);
hold on
x48 = [0 2 3 7 8 9 10 12 13 14 15 18 38 39 41 43 49 50 51 53 61 63 64 65 78 85 94 98 953 956 970 973 985 1045 1179 1180 1185 1190 1359 1420 1883 10000];
y48 = [0.0 21.1092845985995 20.34760938112426 28.616641023991015 29.34965104510966 31.126308215211274 35.80341525339448 33.00066105452822 33.203072441046224 34.771468184557065 36.587905627153546 37.34022078051235 39.34619952146672 40.01895412983579 40.087984602694526 40.588163028916746 40.83152469594417 43.20781097350517 44.190617705731285 44.48253470536273 41.36270833455209 41.87926687297808 42.373595259127526 42.462515868233695 42.79778816484893 44.133937317470625 45.26234504706357 45.32669548786409 46.35045250059963 46.75235025359924 48.4629019708785 48.604472940639646 48.617343028799745 48.9818005253336 49.14209162332762 49.16724679564055 49.650460105651725 49.67152024991371 49.673275261935544 50.69995729470747 50.716922410918514 50.716922410918514];
h48 = plot(x48, y48, 'k-o', 'linewidth',2);
hold on
x49 = [0 6 7 9 11 14 15 23 26 36 44 45 48 54 55 70 73 74 76 77 78 85 90 104 614 615 744 753 775 815 838 878 890 915 1186 10000];
y49 = [0.0 0.58266399124834 3.922451868795301 4.08800800285482 4.7724626913694355 10.683343180900788 6.994892915016468 7.495071341238687 17.041166731992114 17.710996320324796 19.20977658696962 19.23083673123161 19.495843546528295 21.068919322097358 32.51803274852433 32.56658808112836 33.15276209642036 33.241682705526536 33.44350908803725 33.7716963361199 34.046063215533025 35.739064812593966 35.93913618308285 35.948496247199294 36.022206752116254 36.61598581950286 39.35146455753222 39.44916022674755 39.57201106827582 40.06399943839615 40.06516944641071 40.5998631090623 40.940335441297776 41.02574602636028 44.0630868321448 44.0630868321448];
h49 = plot(x49, y49, 'k-o', 'linewidth',2);
hold on
grid on
set(gca,'FontSize',20)
xlabel('iterations','fontsize',24);
ylabel('%','fontsize',24);
title('N-100-x','fontsize',24);

