 1807173 350164  142.90099   56   52  150.00000  124.75000  16.8%  20.9 3670s
 1809592 350268     cutoff   78       150.00000  124.76544  16.8%  20.9 3675s
 1811885 350298     cutoff   51       150.00000  124.80000  16.8%  20.9 3680s
 1814270 350256  147.60518   69   48  150.00000  124.82741  16.8%  20.9 3685s
 1816672 350310  147.75000   53   30  150.00000  124.84657  16.8%  20.9 3690s
 1819020 350421 infeasible   52       150.00000  124.87500  16.8%  20.9 3695s
 1821234 350425  142.58333   62   49  150.00000  124.91008  16.7%  20.9 3700s
 1823062 350402  136.75000   69   49  150.00000  124.94444  16.7%  20.9 3705s
 1825385 350403  132.66667   75   25  150.00000  124.99545  16.7%  20.9 3710s
 1827845 350477  139.77273   56   46  150.00000  125.00000  16.7%  20.9 3716s
 1829927 350531  132.50000   51    6  150.00000  125.00000  16.7%  20.9 3720s
 1832529 350642  125.04265   51   59  150.00000  125.00000  16.7%  20.9 3725s
 1834624 350772  136.50000   52   28  150.00000  125.00000  16.7%  20.9 3730s
 1836618 350890  141.00000   69   54  150.00000  125.00000  16.7%  20.9 3735s
 1839027 351002  143.14019   54   27  150.00000  125.00000  16.7%  20.9 3740s
 1841175 351083 infeasible   58       150.00000  125.00000  16.7%  20.9 3745s
 1843655 351190 infeasible   64       150.00000  125.00000  16.7%  20.9 3750s
 1846009 351287  146.00000   74   31  150.00000  125.00000  16.7%  20.9 3755s
 1848394 351451  131.00000   69   29  150.00000  125.00000  16.7%  20.9 3760s
 1850815 351594  140.80000   71   36  150.00000  125.00000  16.7%  20.9 3765s
 1852759 351766 infeasible   70       150.00000  125.00000  16.7%  20.9 3770s
 1854795 351797 infeasible   77       150.00000  125.00000  16.7%  20.9 3775s
 1857084 351880 infeasible   55       150.00000  125.00000  16.7%  20.9 3780s
 1859472 352049  145.55635   47   47  150.00000  125.00000  16.7%  20.9 3785s
 1861836 352166  145.00000   51   42  150.00000  125.00000  16.7%  20.9 3790s
 1864155 352362 infeasible   73       150.00000  125.00000  16.7%  20.9 3795s
 1866425 352529  126.26484   46   60  150.00000  125.00000  16.7%  20.9 3800s
 1868653 352715  142.10000   99   61  150.00000  125.00000  16.7%  20.9 3805s
 1870589 352933 infeasible   71       150.00000  125.00000  16.7%  20.9 3810s
 1873047 353117  138.43913   88   36  150.00000  125.01077  16.7%  20.9 3816s
 1875097 353178  139.80026   73   64  150.00000  125.02001  16.7%  20.9 3820s
 1877543 353198  132.23426   62   41  150.00000  125.03724  16.6%  20.9 3825s
 1879935 353153  133.96429   75   57  150.00000  125.05915  16.6%  20.9 3830s
 1882334 353159  130.00150   50   29  150.00000  125.08333  16.6%  20.9 3835s
 1884574 353193  143.50000   49   29  150.00000  125.11111  16.6%  20.9 3840s
 1886069 353144 infeasible   50       150.00000  125.12500  16.6%  20.9 3845s
 1888870 353147     cutoff   61       150.00000  125.15385  16.6%  20.9 3850s
 1891145 353222  136.04408   59   46  150.00000  125.16765  16.6%  20.9 3855s
 1893340 353243  144.04040   82   54  150.00000  125.20000  16.5%  20.9 3861s
 1895028 353275  137.00000   74   26  150.00000  125.21457  16.5%  20.9 3865s
 1897367 353278  144.00000   79   15  150.00000  125.25000  16.5%  20.9 3870s
 1899826 353413 infeasible   73       150.00000  125.25000  16.5%  20.9 3875s
 1902147 353463  133.33333   55   24  150.00000  125.27660  16.5%  20.9 3880s
 1904051 353537  147.00000   76   47  150.00000  125.29190  16.5%  20.9 3885s
 1906356 353493  139.20000   58   30  150.00000  125.33333  16.4%  20.9 3890s
 1908377 353614  132.08192   59   30  150.00000  125.33333  16.4%  20.9 3895s
 1909903 353645  135.50000   62   47  150.00000  125.33333  16.4%  20.9 3900s
 1912372 353739     cutoff   89       150.00000  125.33333  16.4%  20.9 3905s
 1914597 353854  131.50000   75   44  150.00000  125.34583  16.4%  20.9 3910s
 1916893 353861 infeasible   58       150.00000  125.38158  16.4%  20.9 3915s
 1919259 353914  140.80000   87   31  150.00000  125.40000  16.4%  20.9 3920s
 1921154 353908  143.20988   69   24  150.00000  125.42857  16.4%  20.9 3925s
 1923149 353893  126.33333   64   37  150.00000  125.45000  16.4%  20.9 3930s
 1925406 353941     cutoff   58       150.00000  125.49578  16.3%  20.9 3936s
 1927286 353984  133.62883   69   21  150.00000  125.50000  16.3%  20.9 3940s
 1929378 354047  133.08727   57   48  150.00000  125.50000  16.3%  20.9 3945s
 1931947 354178     cutoff   57       150.00000  125.50000  16.3%  20.9 3950s
 1933817 354276 infeasible   62       150.00000  125.50000  16.3%  20.9 3955s
 1936147 354381  131.36913   61   49  150.00000  125.50000  16.3%  20.9 3960s
 1938590 354656  130.01952   46   42  150.00000  125.50000  16.3%  20.9 3965s
 1940859 354853  140.92723   80   55  150.00000  125.51050  16.3%  20.9 3970s
 1942654 354863  137.00000   61   12  150.00000  125.53333  16.3%  20.9 3975s
 1944990 354853 infeasible   68       150.00000  125.56187  16.3%  20.9 3980s
 1946431 354902  131.77612   72   34  150.00000  125.57333  16.3%  20.9 3985s
 1948750 354890  140.02421   55   16  150.00000  125.60000  16.3%  20.9 3990s
 1951074 354887 infeasible   74       150.00000  125.62738  16.2%  20.9 3995s
 1953398 354900  129.00550   54   16  150.00000  125.66667  16.2%  20.9 4000s
 1955468 354956  141.29348   89   30  150.00000  125.66667  16.2%  20.9 4005s
 1957840 355052  127.61454   54   66  150.00000  125.66667  16.2%  20.9 4010s
 1960123 355167  144.20000   65   55  150.00000  125.66667  16.2%  20.9 4015s
 1961947 355176  130.23371   62   56  150.00000  125.69385  16.2%  20.9 4020s
 1964187 355179  139.24765   50   46  150.00000  125.72222  16.2%  20.9 4025s
 1966590 355179 infeasible   93       150.00000  125.75000  16.2%  20.9 4030s
 1968906 355267  132.66667   69   23  150.00000  125.75000  16.2%  20.9 4035s
 1970380 355239  142.82464   76   44  150.00000  125.77570  16.1%  20.9 4040s
 1972718 355237  143.66667   69   26  150.00000  125.80000  16.1%  20.9 4045s
 1975091 355204  133.61319   68   36  150.00000  125.83264  16.1%  20.9 4050s
 1977426 355221  129.57143   47   53  150.00000  125.84981  16.1%  20.9 4055s
 1979657 355232     cutoff   75       150.00000  125.87500  16.1%  20.9 4061s
 1981511 355205  133.46270   64   65  150.00000  125.90499  16.1%  20.9 4065s
 1983767 355155 infeasible   54       150.00000  125.93892  16.0%  20.9 4070s
 1986107 355056  126.55455   60   53  150.00000  125.98193  16.0%  20.9 4075s
 1988519 355021  138.66667   69   41  150.00000  126.00000  16.0%  20.9 4080s
 1989797 355034 infeasible   72       150.00000  126.00000  16.0%  20.9 4085s
 1992345 355159  134.39050   46   38  150.00000  126.00000  16.0%  20.9 4090s
 1994947 355214  128.47470   66   54  150.00000  126.00000  16.0%  20.9 4095s
 1996870 355271  137.52842  102   22  150.00000  126.00000  16.0%  20.9 4100s
 1999245 355420     cutoff   47       150.00000  126.00000  16.0%  20.9 4105s
 2001177 355478 infeasible   77       150.00000  126.00000  16.0%  20.9 4110s
 2003138 355623 infeasible   61       150.00000  126.00000  16.0%  20.9 4115s
 2005528 355693  130.02862   64   53  150.00000  126.00000  16.0%  20.9 4120s
 2007536 355775     cutoff   60       150.00000  126.00000  16.0%  20.9 4125s
 2009942 355848 infeasible   65       150.00000  126.00000  16.0%  20.9 4130s
 2011911 355896  134.20000   47   30  150.00000  126.00000  16.0%  20.9 4136s
 2013749 356022  148.90000   68   47  150.00000  126.00000  16.0%  20.9 4140s
 2016215 356161  132.58945   68   17  150.00000  126.00000  16.0%  20.9 4145s
 2018660 356248 infeasible   71       150.00000  126.00000  16.0%  20.9 4150s
 2020614 356366  129.33333   64   34  150.00000  126.00000  16.0%  20.9 4155s
 2022968 356432  134.75000   52   19  150.00000  126.00000  16.0%  20.9 4160s
 2025291 356435 infeasible   87       150.00000  126.00000  16.0%  20.9 4165s
 2027493 356495 infeasible   56       150.00000  126.00000  16.0%  20.9 4170s
 2029377 356663  137.00000   57   42  150.00000  126.00000  16.0%  20.9 4175s
 2030810 356696  143.95522   61   52  150.00000  126.00000  16.0%  20.9 4180s
 2033077 356820  129.33333   54   35  150.00000  126.00410  16.0%  20.9 4186s
 2035044 356939 infeasible   69       150.00000  126.01315  16.0%  20.9 4190s
 2037555 356919  139.93073   53   44  150.00000  126.02742  16.0%  20.9 4195s
 2039478 356949     cutoff   69       150.00000  126.03921  16.0%  20.9 4200s
 2041443 356916 infeasible   75       150.00000  126.05604  16.0%  20.9 4205s
 2043714 356862 infeasible   67       150.00000  126.07795  15.9%  20.9 4210s
 2046125 356838     cutoff   62       150.00000  126.10000  15.9%  20.9 4215s
 2048437 356864 infeasible   58       150.00000  126.12500  15.9%  20.9 4220s
 2050614 356775  134.18360   49   59  150.00000  126.15070  15.9%  20.9 4225s
 2052944 356726  141.60000   59   47  150.00000  126.16667  15.9%  20.9 4230s
 2055058 356623  136.16667   46   38  150.00000  126.20000  15.9%  20.9 4235s
 2057345 356595  134.33333   71   35  150.00000  126.22222  15.9%  20.9 4240s
 2059531 356632  133.18182   58   36  150.00000  126.25000  15.8%  20.9 4246s
 2061062 356642 infeasible   73       150.00000  126.25000  15.8%  20.9 4250s
 2062925 356710 infeasible   55       150.00000  126.25466  15.8%  20.9 4255s
 2065209 356723     cutoff   51       150.00000  126.28571  15.8%  20.9 4260s
 2067466 356692  136.20383   65   44  150.00000  126.31250  15.8%  20.9 4265s
 2069944 356710 infeasible   65       150.00000  126.33333  15.8%  20.9 4270s
 2071957 356792  127.00000   79   34  150.00000  126.33333  15.8%  20.9 4275s
 2073898 356821     cutoff   68       150.00000  126.33333  15.8%  20.9 4280s
 2076155 356923  128.12500   63   44  150.00000  126.33478  15.8%  20.9 4285s
 2078492 356847 infeasible   85       150.00000  126.36484  15.8%  20.9 4290s
 2080775 356847  139.00000   59   19  150.00000  126.39980  15.7%  20.9 4295s
 2082425 356884  126.80000   60   52  150.00000  126.40000  15.7%  20.9 4300s
 2084400 356887  141.10000   92   50  150.00000  126.42723  15.7%  20.9 4305s
 2086679 356792     cutoff   90       150.00000  126.45455  15.7%  20.9 4310s
 2088781 356681 infeasible   61       150.00000  126.49748  15.7%  20.9 4315s
 2090675 356784 infeasible   51       150.00000  126.50000  15.7%  20.9 4320s
 2093252 356913  136.55556   51   41  150.00000  126.50000  15.7%  20.9 4325s
 2095200 357029  128.20000   60   30  150.00000  126.50000  15.7%  20.9 4330s
 2097370 357038  136.00000   83   56  150.00000  126.50000  15.7%  20.9 4335s
 2099311 357139  138.96436   41   55  150.00000  126.50000  15.7%  20.9 4340s
 2101674 357276  145.92857   78   61  150.00000  126.50000  15.7%  20.9 4345s
 2103809 357312  127.00000   62    6  150.00000  126.50627  15.7%  20.9 4350s
 2106258 357255  137.30000   69   36  150.00000  126.53343  15.6%  20.9 4355s
 2108048 357137  130.23318   49   18  150.00000  126.55838  15.6%  20.9 4360s
 2110337 357076  138.76190   46   55  150.00000  126.58556  15.6%  20.9 4365s
 2112246 357074  139.00586   54   40  150.00000  126.60000  15.6%  20.9 4370s
 2114651 357064  139.44894   51   50  150.00000  126.63000  15.6%  20.9 4375s
 2116875 357046 infeasible   66       150.00000  126.66667  15.6%  20.9 4380s
 2119298 357054  140.66667   60   36  150.00000  126.66667  15.6%  20.9 4385s
 2121212 356991  143.80000   70   26  150.00000  126.66667  15.6%  20.9 4390s
 2123095 357049  140.28686   64   51  150.00000  126.66667  15.6%  20.9 4395s
 2124942 357087  128.01449   61   47  150.00000  126.68148  15.5%  20.9 4400s
 2127352 357088 infeasible   90       150.00000  126.71429  15.5%  20.9 4405s
 2129666 357019  140.01605   81   68  150.00000  126.75000  15.5%  20.9 4411s
 2131721 357029  141.57143   56   36  150.00000  126.75000  15.5%  20.9 4415s
 2134006 357034  139.44506   65   72  150.00000  126.76744  15.5%  20.9 4420s
 2136186 356976  135.06000   41   57  150.00000  126.80000  15.5%  20.9 4425s
 2137604 356954  140.20658   79   52  150.00000  126.80576  15.5%  20.9 4430s
 2139910 356918  146.10058   73   50  150.00000  126.83333  15.4%  20.9 4435s
 2142215 356901 infeasible   50       150.00000  126.85714  15.4%  20.9 4441s
 2143962 356885 infeasible   75       150.00000  126.87500  15.4%  20.9 4445s
 2146271 356783  147.40000   45   41  150.00000  126.90973  15.4%  20.9 4450s
 2148543 356687  133.37299   75   49  150.00000  126.94118  15.4%  20.9 4455s
 2150439 356633     cutoff   62       150.00000  126.97480  15.4%  20.9 4460s
 2152860 356576  148.19013   45   15  150.00000  127.00000  15.3%  20.9 4466s
 2154910 356562  145.00000   68   23  150.00000  127.00000  15.3%  20.9 4470s
 2156901 356642  134.14673   88   55  150.00000  127.00000  15.3%  20.9 4475s
 2159390 356681  127.08493   46   53  150.00000  127.00000  15.3%  20.9 4480s
 2161758 356749  141.01766   43   43  150.00000  127.00000  15.3%  20.9 4485s
 2163642 356770  136.28179   87   65  150.00000  127.00000  15.3%  20.9 4490s
 2165973 356842  133.32207   93   80  150.00000  127.00000  15.3%  20.9 4495s
 2167553 356810  142.61321   63   40  150.00000  127.00000  15.3%  20.9 4500s
 2169963 356778  138.66667   88   38  150.00000  127.00000  15.3%  20.9 4505s
 2172349 356835  137.50105   81   25  150.00000  127.00000  15.3%  20.9 4510s
 2174234 356890  148.00050   56   48  150.00000  127.00000  15.3%  20.9 4515s
 2176671 356943 infeasible   57       150.00000  127.00000  15.3%  20.9 4520s
 2178585 356949  128.76175   72   30  150.00000  127.00000  15.3%  20.9 4525s
 2181018 357011 infeasible   67       150.00000  127.00000  15.3%  20.9 4530s
 2183225 357005 infeasible   61       150.00000  127.00000  15.3%  20.9 4535s
 2185213 357063     cutoff   56       150.00000  127.00000  15.3%  20.9 4540s
 2187541 357169  146.53922   61   41  150.00000  127.00000  15.3%  20.9 4545s
 2189935 357166  139.97120   50   25  150.00000  127.00000  15.3%  20.9 4550s
 2191672 357194  135.83333   54   49  150.00000  127.00000  15.3%  20.9 4555s
 2194011 357228  135.88972   64   59  150.00000  127.00000  15.3%  20.9 4560s
 2196051 357252  146.72148   63   49  150.00000  127.00000  15.3%  20.9 4565s
 2198255 357274 infeasible   95       150.00000  127.00000  15.3%  20.9 4570s
 2200605 357361     cutoff   96       150.00000  127.00604  15.3%  20.9 4575s
 2202571 357358  132.43951   57   38  150.00000  127.01521  15.3%  20.9 4580s
 2204997 357366 infeasible   76       150.00000  127.02696  15.3%  20.9 4585s
 2206867 357331  136.06701   74   41  150.00000  127.04048  15.3%  20.9 4590s
 2209239 357180  132.04827   50   44  150.00000  127.06250  15.3%  20.9 4595s
 2211046 357087  141.40314   97   31  150.00000  127.08149  15.3%  20.9 4600s
 2213038 356933  139.14824   43   31  150.00000  127.10351  15.3%  20.9 4605s
 2215194 356853  146.37500   62   45  150.00000  127.12500  15.3%  20.9 4610s
 2217377 356780  145.33333   58   29  150.00000  127.14386  15.2%  20.9 4615s
 2219510 356689  140.37500  131   35  150.00000  127.16667  15.2%  20.9 4620s
 2221631 356577     cutoff  106       150.00000  127.18519  15.2%  20.9 4625s
 2223785 356507  144.75000   59   23  150.00000  127.20000  15.2%  20.9 4630s
 2225157 356437 infeasible   52       150.00000  127.22222  15.2%  20.9 4635s
 2227404 356343     cutoff   55       150.00000  127.25000  15.2%  20.9 4640s
 2229792 356367     cutoff   67       150.00000  127.25000  15.2%  20.9 4645s
 2231509 356330     cutoff   57       150.00000  127.26610  15.2%  20.9 4650s
 2233270 356291  145.75000   99   39  150.00000  127.28571  15.1%  20.9 4655s
 2234698 356237  145.33333   67   34  150.00000  127.30384  15.1%  20.9 4660s
 2236904 356156  145.50000   87   24  150.00000  127.33333  15.1%  20.9 4665s
 2239405 356201  129.53076   78   55  150.00000  127.33333  15.1%  20.9 4671s
 2241379 356259 infeasible   61       150.00000  127.33333  15.1%  20.9 4675s
 2243712 356296  146.50000   64   31  150.00000  127.33814  15.1%  20.9 4680s
 2245425 356229  137.00000   82   40  150.00000  127.36364  15.1%  20.9 4685s
 2247243 356103     cutoff   61       150.00000  127.38462  15.1%  20.9 4690s
 2249582 356059  128.76190   88   58  150.00000  127.40000  15.1%  20.9 4695s
 2251744 355990  140.00000   65   30  150.00000  127.42857  15.0%  20.9 4701s
 2253408 355894  138.25000   96   39  150.00000  127.45437  15.0%  20.9 4705s
 2255589 355806     cutoff   67       150.00000  127.49484  15.0%  20.9 4710s
 2258043 355785 infeasible   64       150.00000  127.50000  15.0%  20.9 4715s
 2260052 355833  135.81857   99   52  150.00000  127.50000  15.0%  20.9 4720s
 2262626 355870     cutoff   89       150.00000  127.50000  15.0%  20.9 4726s
 2264519 355839  133.63158   69   52  150.00000  127.50000  15.0%  20.9 4730s
 2265950 355832  145.60000   67   82  150.00000  127.50000  15.0%  20.9 4735s
 2268298 355899  142.69213   70   49  150.00000  127.50000  15.0%  20.9 4740s
 2270460 355945  146.25301   94   56  150.00000  127.50223  15.0%  20.9 4745s
 2272702 355834  141.10161   79   54  150.00000  127.53252  15.0%  20.9 4750s
 2274492 355743  136.31230   52   32  150.00000  127.55556  15.0%  20.9 4755s
 2276717 355645  131.14348   84   67  150.00000  127.58114  14.9%  20.9 4760s
 2278947 355564  140.35714   75   44  150.00000  127.60000  14.9%  20.9 4765s
 2281102 355517  141.89574   67   52  150.00000  127.61916  14.9%  20.9 4770s
 2283263 355412     cutoff   63       150.00000  127.65741  14.9%  20.9 4775s
 2284624 355378  143.60256   59   23  150.00000  127.66667  14.9%  20.9 4780s
 2287044 355414     cutoff   58       150.00000  127.66667  14.9%  20.9 4785s
 2288953 355368  145.37500   63   48  150.00000  127.66667  14.9%  20.9 4790s
 2291221 355380  138.19859   67   74  150.00000  127.66667  14.9%  20.9 4795s
 2292758 355324  132.96970   64   53  150.00000  127.68631  14.9%  20.9 4800s
 2295064 355212 infeasible   62       150.00000  127.71429  14.9%  20.9 4805s
 2296709 355120  142.58333   48   36  150.00000  127.73520  14.8%  20.9 4810s
 2299047 355015  132.75000   56   31  150.00000  127.75000  14.8%  20.9 4815s
 2301351 355049  128.00610   69   24  150.00000  127.75777  14.8%  20.9 4820s
 2303208 354990  132.00000   95   54  150.00000  127.77778  14.8%  20.9 4825s
 2305483 354898     cutoff   84       150.00000  127.80000  14.8%  20.9 4830s
 2307681 354808     cutoff   69       150.00000  127.83333  14.8%  20.9 4835s
 2309592 354823 infeasible   67       150.00000  127.84057  14.8%  20.9 4840s
 2311087 354716 infeasible   61       150.00000  127.85714  14.8%  20.9 4845s
 2313279 354603  143.74074   57   29  150.00000  127.88889  14.7%  20.9 4850s
 2315489 354442     cutoff   55       150.00000  127.91667  14.7%  20.9 4856s
 2317176 354346  133.83832   79   37  150.00000  127.93558  14.7%  20.9 4860s
 2319459 354173     cutoff   63       150.00000  127.97500  14.7%  20.9 4865s
 2321834 354101 infeasible  110       150.00000  128.00000  14.7%  20.9 4870s
 2324282 354028     cutoff   58       150.00000  128.00000  14.7%  20.9 4875s
 2326362 353950 infeasible   57       150.00000  128.00000  14.7%  20.9 4881s
 2328320 353897  138.42839   59   25  150.00000  128.00000  14.7%  20.9 4885s
 2330755 353877  134.00000   65   20  150.00000  128.00000  14.7%  20.9 4890s
 2333073 353835     cutoff   62       150.00000  128.00000  14.7%  20.9 4895s
 2335039 353869  139.75093   69   64  150.00000  128.00000  14.7%  20.9 4900s
 2337358 353860  133.17491   76   48  150.00000  128.00000  14.7%  20.9 4905s
 2339712 353921  143.05153   53   30  150.00000  128.00000  14.7%  20.9 4910s
 2341656 353885 infeasible   98       150.00000  128.00000  14.7%  20.9 4915s
 2343993 353880  136.13755   59   50  150.00000  128.00000  14.7%  20.9 4920s
 2345705 353827  135.57993   53   60  150.00000  128.00000  14.7%  20.9 4926s
 2347605 353773  137.50000   59   49  150.00000  128.00000  14.7%  20.9 4930s
 2349966 353717  145.07296   66   44  150.00000  128.00000  14.7%  20.9 4935s
 2352336 353709  132.03868   57   50  150.00000  128.00000  14.7%  20.9 4940s
 2354668 353653     cutoff   62       150.00000  128.00000  14.7%  20.9 4945s
 2357078 353622 infeasible   72       150.00000  128.00000  14.7%  20.9 4950s
 2359382 353645     cutoff   54       150.00000  128.00000  14.7%  20.9 4955s
 2361268 353669  142.00000   59   24  150.00000  128.00000  14.7%  20.9 4960s
 2363316 353622  143.50667   80   52  150.00000  128.00000  14.7%  20.9 4965s
 2365089 353677  145.83333   72   31  150.00000  128.00000  14.7%  20.9 4970s
 2367275 353683  134.00000   52   29  150.00000  128.00000  14.7%  20.9 4975s
 2369613 353710  135.40409   63   54  150.00000  128.00710  14.7%  20.9 4980s
 2371761 353728 infeasible   57       150.00000  128.01571  14.7%  20.9 4985s
 2373724 353588  135.29291   57   58  150.00000  128.02589  14.6%  20.9 4990s
 2376091 353478  135.00000   54   29  150.00000  128.04297  14.6%  20.9 4995s
 2378162 353313  137.50000   56   14  150.00000  128.06092  14.6%  20.9 5000s
 2380228 353229 infeasible   64       150.00000  128.08046  14.6%  20.9 5006s
 2381601 353041     cutoff   72       150.00000  128.09404  14.6%  20.9 5010s
 2383902 352939  139.33333   98   66  150.00000  128.11117  14.6%  20.9 5015s
 2386023 352849     cutoff   63       150.00000  128.13619  14.6%  20.9 5020s
 2388065 352687     cutoff  101       150.00000  128.16240  14.6%  20.9 5025s
 2390305 352631  140.19890   61   44  150.00000  128.17241  14.6%  20.9 5030s
 2392529 352552  129.80000   49   36  150.00000  128.20000  14.5%  20.9 5035s
 2394706 352478  130.87301   44   34  150.00000  128.21905  14.5%  20.9 5040s
 2396697 352316 infeasible   54       150.00000  128.25000  14.5%  20.9 5045s
 2398151 352256  137.00000   49   39  150.00000  128.25000  14.5%  20.9 5050s
 2400495 352270  144.36542   78   56  150.00000  128.25016  14.5%  20.9 5055s
 2402358 352167  145.75229   63   40  150.00000  128.27602  14.5%  20.9 5060s
 2404407 351988     cutoff   70       150.00000  128.30357  14.5%  20.9 5065s
 2406545 351845  130.51787   68   82  150.00000  128.33333  14.4%  20.9 5070s
 2408889 351819  136.00000   54   14  150.00000  128.33333  14.4%  20.9 5076s
 2410892 351795 infeasible   69       150.00000  128.33333  14.4%  20.9 5080s
 2412792 351818  129.23077   58   45  150.00000  128.33333  14.4%  20.9 5085s
 2415381 351694  140.08231   57   46  150.00000  128.35838  14.4%  20.9 5090s
 2417520 351574  132.57143  109   39  150.00000  128.38392  14.4%  20.9 5095s
 2419238 351541  140.50000   60   19  150.00000  128.40000  14.4%  20.9 5100s
 2421420 351422 infeasible   59       150.00000  128.41903  14.4%  20.9 5105s
 2422885 351291  134.00000   78   28  150.00000  128.43750  14.4%  20.9 5110s
 2424988 351155 infeasible   87       150.00000  128.46701  14.4%  20.9 5115s
 2427300 351101  135.15087   69   67  150.00000  128.50000  14.3%  20.9 5120s
 2429761 351043 infeasible   66       150.00000  128.50000  14.3%  20.9 5126s
 2431607 351003 infeasible   59       150.00000  128.50000  14.3%  20.9 5130s
 2434033 350906  147.25000   67   39  150.00000  128.50000  14.3%  20.9 5135s
 2435954 350893  138.64758   49   63  150.00000  128.50000  14.3%  20.9 5140s
 2438168 350856 infeasible   61       150.00000  128.50000  14.3%  20.9 5145s
 2439706 350838  141.26331   86   51  150.00000  128.50000  14.3%  20.9 5150s
 2441503 350744  134.00000   65   56  150.00000  128.51667  14.3%  20.9 5155s
 2443665 350608  129.52174   66   43  150.00000  128.54545  14.3%  20.9 5160s
 2445647 350461     cutoff   73       150.00000  128.57143  14.3%  20.9 5165s
 2447881 350373 infeasible   54       150.00000  128.59091  14.3%  20.9 5170s
 2449338 350324     cutoff  103       150.00000  128.60000  14.3%  20.9 5175s
 2451474 350204  147.66667   53   33  150.00000  128.62500  14.2%  20.9 5180s
 2453486 349982  143.80000   87   49  150.00000  128.65634  14.2%  20.9 5185s
 2455757 349884     cutoff  154       150.00000  128.66667  14.2%  20.9 5190s
 2457643 349882  129.42857   92   39  150.00000  128.66667  14.2%  20.9 5195s
 2460003 349779  144.17860   50   75  150.00000  128.66667  14.2%  20.9 5200s
 2462248 349646 infeasible   68       150.00000  128.68460  14.2%  20.9 5205s
 2464426 349524  140.46875   72   46  150.00000  128.71429  14.2%  20.9 5210s
 2466603 349445 infeasible   65       150.00000  128.73998  14.2%  20.9 5215s
 2468022 349304  139.11529   77   65  150.00000  128.75000  14.2%  20.9 5220s
 2470367 349296  139.24571   72   56  150.00000  128.75000  14.2%  20.9 5225s
 2472499 349108  129.22222   47   49  150.00000  128.77778  14.1%  20.9 5230s
 2474583 348947     cutoff   95       150.00000  128.80000  14.1%  20.9 5235s
 2476410 348869 infeasible   66       150.00000  128.81659  14.1%  20.9 5240s
 2478614 348773  143.98313   89   52  150.00000  128.83333  14.1%  20.9 5245s
 2480558 348582  129.25000   48   43  150.00000  128.85714  14.1%  20.9 5250s
 2482290 348425 infeasible   72       150.00000  128.88154  14.1%  20.9 5255s
 2484226 348231  140.06667   51   36  150.00000  128.90821  14.1%  20.9 5260s
 2486164 347988  138.57143   51   53  150.00000  128.93661  14.0%  20.9 5265s
 2488237 347795  145.00000   63   52  150.00000  128.97062  14.0%  20.9 5270s
 2490478 347666  134.39450   45   49  150.00000  129.00000  14.0%  20.9 5275s
 2492928 347584  144.50000   47   36  150.00000  129.00000  14.0%  20.9 5280s
 2494468 347467  142.25000   57   43  150.00000  129.00000  14.0%  20.9 5285s
 2497057 347365  129.00000   52   26  150.00000  129.00000  14.0%  20.9 5290s
 2499453 347360  145.33333   58   31  150.00000  129.00000  14.0%  20.9 5295s
 2501381 347320     cutoff   60       150.00000  129.00000  14.0%  20.9 5300s
 2503699 347261  147.36046   62   28  150.00000  129.00000  14.0%  20.9 5305s
 2505805 347239  140.00968   80   68  150.00000  129.00000  14.0%  20.9 5310s
 2508026 347215  132.33333   80   76  150.00000  129.00000  14.0%  20.9 5315s
 2509401 347165  144.79936   69   28  150.00000  129.00000  14.0%  20.9 5320s
 2511724 347059  129.50000   65   44  150.00000  129.00000  14.0%  20.9 5325s
 2513645 347005     cutoff   78       150.00000  129.00000  14.0%  20.9 5330s
 2515763 346938     cutoff   77       150.00000  129.00000  14.0%  20.9 5335s
 2518076 346874     cutoff   82       150.00000  129.00000  14.0%  20.9 5340s
 2520347 346753     cutoff   69       150.00000  129.00000  14.0%  20.9 5345s
 2522184 346669  136.50000  117   25  150.00000  129.00000  14.0%  20.9 5350s
 2524486 346644     cutoff   77       150.00000  129.00000  14.0%  20.9 5355s
 2526235 346578 infeasible   84       150.00000  129.00000  14.0%  20.9 5360s
 2528502 346628  144.60000   69   50  150.00000  129.00000  14.0%  20.9 5366s
 2530077 346481     cutoff   64       150.00000  129.00000  14.0%  20.9 5370s
 2532351 346484  134.44444   89   78  150.00000  129.00000  14.0%  20.9 5375s
 2534664 346506  146.40826   56   46  150.00000  129.00000  14.0%  20.9 5380s
 2536550 346524  135.20000   53   53  150.00000  129.00000  14.0%  20.9 5385s
 2538747 346539  132.00000   71   14  150.00000  129.00371  14.0%  20.9 5390s
 2540701 346506  139.63443   59   19  150.00000  129.01220  14.0%  20.9 5395s
 2542888 346334 infeasible   68       150.00000  129.02364  14.0%  20.9 5400s
 2544987 346163  142.77778   67   28  150.00000  129.03813  14.0%  20.9 5405s
 2546971 345947 infeasible   61       150.00000  129.05359  14.0%  20.9 5410s
 2548193 345833 infeasible   71       150.00000  129.06422  14.0%  20.9 5415s
 2550412 345506  130.87500   66   44  150.00000  129.08889  13.9%  20.9 5420s
 2552736 345275  146.33333   84   46  150.00000  129.11111  13.9%  20.9 5425s
 2554890 345135  135.45455   71   39  150.00000  129.13333  13.9%  20.9 5430s
 2556915 344911     cutoff   63       150.00000  129.15385  13.9%  20.9 5435s
 2559003 344783  142.19448   88   46  150.00000  129.16667  13.9%  20.9 5440s
 2560904 344607 infeasible   83       150.00000  129.18972  13.9%  20.9 5445s
 2562716 344514  145.03514   74   34  150.00000  129.20000  13.9%  20.9 5450s
 2564842 344323  131.39860   79   59  150.00000  129.22222  13.9%  20.9 5455s
 2566828 344167  132.83066   58   51  150.00000  129.25000  13.8%  20.9 5460s
 2568250 344131 infeasible   72       150.00000  129.25000  13.8%  20.9 5465s
 2570425 344032  142.45437  125   69  150.00000  129.25712  13.8%  20.9 5470s
 2572462 343850     cutoff   65       150.00000  129.28571  13.8%  20.9 5475s
 2574477 343665  148.14909   48   74  150.00000  129.31331  13.8%  20.9 5480s
 2576592 343493  135.50000   78   17  150.00000  129.33333  13.8%  20.9 5485s
 2578370 343360     cutoff   61       150.00000  129.33333  13.8%  20.9 5490s
 2580755 343308  143.66667   71   56  150.00000  129.33333  13.8%  20.9 5495s
 2582942 343231 infeasible   73       150.00000  129.33527  13.8%  20.9 5500s
 2584954 343042     cutoff   56       150.00000  129.36259  13.8%  20.9 5505s
 2587008 342878 infeasible   57       150.00000  129.38462  13.7%  20.9 5510s
 2588689 342768 infeasible  103       150.00000  129.40000  13.7%  20.9 5515s
 2590533 342579 infeasible   93       150.00000  129.41841  13.7%  20.9 5520s
 2592372 342388  130.55556   52   49  150.00000  129.44444  13.7%  20.9 5525s
 2594406 342201  136.12633   79   54  150.00000  129.47438  13.7%  20.9 5530s
 2596146 342043  136.56914   51   39  150.00000  129.50000  13.7%  20.9 5535s
 2598092 341952  133.28121   87   51  150.00000  129.50000  13.7%  20.9 5540s
 2600535 341846 infeasible  116       150.00000  129.50000  13.7%  20.9 5545s
 2602858 341725  133.04926   62   45  150.00000  129.50000  13.7%  20.9 5551s
 2604712 341601  132.00000   83   37  150.00000  129.50000  13.7%  20.9 5555s
 2606985 341504  139.00000   67   55  150.00000  129.50000  13.7%  20.9 5560s
 2609069 341468     cutoff   86       150.00000  129.50000  13.7%  20.9 5565s
 2610765 341388  130.83333  109   44  150.00000  129.51022  13.7%  20.9 5570s
 2612845 341240  147.96757   73   53  150.00000  129.53315  13.6%  20.9 5575s
 2614665 341074  140.33333   63   38  150.00000  129.55556  13.6%  20.9 5580s
 2617153 340810  131.12336   70   43  150.00000  129.58000  13.6%  20.9 5585s
 2619286 340622 infeasible   80       150.00000  129.60000  13.6%  20.9 5590s
 2621243 340428  130.85926   75   31  150.00000  129.62440  13.6%  20.9 5595s
 2623409 340259  134.42183   70   64  150.00000  129.64946  13.6%  20.9 5600s
 2625540 340055  135.00000   67   28  150.00000  129.66667  13.6%  20.9 5605s
 2627424 339991  136.50000  102   25  150.00000  129.66667  13.6%  20.9 5610s
 2629724 339900  145.66667   73   54  150.00000  129.66667  13.6%  20.9 5615s
 2631159 339835  135.54459   62   55  150.00000  129.66667  13.6%  20.9 5620s
 2633272 339702     cutoff   59       150.00000  129.68735  13.5%  20.9 5625s
 2635324 339504  131.65748   57   55  150.00000  129.71429  13.5%  20.9 5630s
 2637365 339308  142.47619   73   56  150.00000  129.73247  13.5%  20.9 5635s
 2639525 339175  145.40000   96   29  150.00000  129.75000  13.5%  20.9 5640s
 2641753 339092  139.28065   83   47  150.00000  129.75000  13.5%  20.9 5645s
 2643809 338892  143.72500   58   57  150.00000  129.77778  13.5%  20.9 5650s
 2645714 338656  143.33333   77   60  150.00000  129.80000  13.5%  20.9 5655s
 2648079 338369  140.25778   58   17  150.00000  129.82942  13.4%  20.9 5661s
 2649805 338239     cutoff   96       150.00000  129.83396  13.4%  20.9 5665s
 2652177 337999     cutoff   72       150.00000  129.86667  13.4%  20.9 5670s
 2654049 337865 infeasible   61       150.00000  129.88889  13.4%  20.9 5675s
 2655691 337620  137.42857   62   63  150.00000  129.90935  13.4%  20.9 5680s
 2657572 337398     cutoff   63       150.00000  129.93881  13.4%  20.9 5685s
 2659657 337066  143.84283   56   51  150.00000  129.97552  13.3%  20.9 5690s
 2661239 336921 infeasible   61       150.00000  130.00000  13.3%  20.9 5695s
 2663664 336841  137.50053   55   40  150.00000  130.00000  13.3%  20.9 5700s
 2665586 336711 infeasible   71       150.00000  130.00000  13.3%  20.9 5705s
 2668021 336633 infeasible   49       150.00000  130.00000  13.3%  20.9 5710s
 2669740 336521     cutoff   70       150.00000  130.00000  13.3%  20.9 5715s
 2672112 336357  144.51219   59   19  150.00000  130.00000  13.3%  20.9 5720s
 2674385 336199     cutoff   68       150.00000  130.00000  13.3%  20.9 5725s
 2675950 336145  142.50000   63   42  150.00000  130.00000  13.3%  20.9 5730s
 2678239 336036  133.25000   57   21  150.00000  130.00000  13.3%  20.9 5735s
 2680413 335908     cutoff   59       150.00000  130.00000  13.3%  20.9 5740s
 2682660 335726  138.53539   63   52  150.00000  130.00000  13.3%  20.9 5745s
 2684902 335627 infeasible   54       150.00000  130.00000  13.3%  20.9 5751s
 2686711 335513 infeasible   61       150.00000  130.00000  13.3%  20.9 5755s
 2688791 335336  130.15197   54   27  150.00000  130.00000  13.3%  20.9 5760s
 2689693 335351  136.50000   72   41  150.00000  130.00000  13.3%  20.9 5765s
 2691476 335160  141.33333   78   34  150.00000  130.00000  13.3%  20.9 5770s
 2693657 335062 infeasible   62       150.00000  130.00000  13.3%  20.9 5775s
 2695796 335009 infeasible   72       150.00000  130.00000  13.3%  20.9 5780s
 2697531 334896  132.03173   59   32  150.00000  130.00000  13.3%  20.9 5785s
 2699636 334711  134.50000   50   19  150.00000  130.00000  13.3%  20.9 5790s
 2702129 334515  137.06250   55   66  150.00000  130.00000  13.3%  20.9 5795s
 2703880 334409 infeasible   70       150.00000  130.00000  13.3%  20.9 5800s
 2706018 334359     cutoff   73       150.00000  130.00000  13.3%  20.9 5805s
 2708151 334276     cutoff   88       150.00000  130.00000  13.3%  20.9 5810s
 2710289 334167  142.00000   68   28  150.00000  130.00729  13.3%  20.9 5815s
 2712464 333994  146.21002   59   35  150.00000  130.01831  13.3%  20.9 5821s
 2714263 333867     cutoff   80       150.00000  130.02778  13.3%  20.9 5825s
 2716703 333619  139.55175   42   20  150.00000  130.04549  13.3%  20.9 5830s
 2718669 333450     cutoff   63       150.00000  130.06250  13.3%  20.9 5835s
 2720636 333229  141.80429  101   31  150.00000  130.08095  13.3%  20.9 5840s
 2722829 332909     cutoff   54       150.00000  130.10347  13.3%  20.9 5845s
 2724415 332722  142.61905   91   45  150.00000  130.11889  13.3%  20.9 5850s
 2726195 332475  136.20000   58   31  150.00000  130.14000  13.2%  20.9 5855s
 2728174 332254  136.68186   55   52  150.00000  130.15953  13.2%  20.9 5860s
 2730229 332113  145.71212   64   58  150.00000  130.16667  13.2%  20.9 5865s
 2732013 331850     cutoff   63       150.00000  130.19623  13.2%  20.9 5870s
 2734059 331667 infeasible   66       150.00000  130.20468  13.2%  20.9 5875s
 2735956 331442  141.20981   70   51  150.00000  130.22618  13.2%  20.9 5880s
 2737538 331298 infeasible   70       150.00000  130.25000  13.2%  20.9 5885s
 2739713 331215  142.77778   59   61  150.00000  130.25000  13.2%  20.9 5890s
 2741457 331017     cutoff   87       150.00000  130.26882  13.2%  20.9 5895s
 2743435 330764  140.50000   56   29  150.00000  130.29268  13.1%  20.9 5900s
 2745408 330525 infeasible   69       150.00000  130.32311  13.1%  20.9 5905s
 2747040 330339 infeasible   59       150.00000  130.33333  13.1%  20.9 5910s
 2749287 330232 infeasible   82       150.00000  130.33333  13.1%  20.9 5915s
 2751070 330174  140.33333   75   34  150.00000  130.33333  13.1%  20.9 5921s
 2752418 330112  141.26197   51   39  150.00000  130.33333  13.1%  20.9 5926s
 2754126 329983  139.00931   50   15  150.00000  130.34735  13.1%  20.9 5930s
 2755662 329796 infeasible   57       150.00000  130.36730  13.1%  20.9 5935s
 2756858 329605     cutoff   59       150.00000  130.38295  13.1%  20.9 5940s
 2758791 329406  133.50000   70   17  150.00000  130.40000  13.1%  20.9 5945s
 2760360 329199  131.60807   70   47  150.00000  130.41667  13.1%  20.9 5950s
 2762011 329085     cutoff   92       150.00000  130.42965  13.0%  20.9 5955s
 2763805 328817     cutoff   66       150.00000  130.45837  13.0%  20.9 5960s
 2765270 328587  145.19513   71   55  150.00000  130.48682  13.0%  20.9 5965s
 2767392 328416  133.62691   60   36  150.00000  130.50000  13.0%  20.9 5971s
 2769255 328279     cutoff   80       150.00000  130.50000  13.0%  20.9 5975s
 2771090 328141  134.20000   57   38  150.00000  130.50000  13.0%  20.9 5980s
 2773224 327989     cutoff   70       150.00000  130.50000  13.0%  20.9 5985s
 2775471 327875     cutoff   77       150.00000  130.50000  13.0%  20.9 5990s
 2777191 327781     cutoff  103       150.00000  130.50000  13.0%  20.9 5995s
 2779271 327691  146.22222   48   35  150.00000  130.50000  13.0%  20.9 6001s
 2780156 327627     cutoff   56       150.00000  130.50466  13.0%  20.9 6005s
 2782376 327318 infeasible   66       150.00000  130.53191  13.0%  20.9 6010s
 2784062 327085     cutoff   82       150.00000  130.55556  13.0%  20.9 6015s
 2786017 326825  135.13867   53   29  150.00000  130.57401  13.0%  20.9 6020s
 2787934 326601  137.66667   61   25  150.00000  130.60000  12.9%  20.9 6025s
 2789953 326449     cutoff   91       150.00000  130.61905  12.9%  20.9 6030s
 2792082 326321  137.16667   57   20  150.00000  130.64000  12.9%  20.9 6035s
 2794009 326066 infeasible   51       150.00000  130.66667  12.9%  20.9 6040s
 2796147 325872  145.00000   49   30  150.00000  130.66667  12.9%  20.9 6045s
 2797845 325692     cutoff   64       150.00000  130.66667  12.9%  20.9 6050s
 2799915 325560  138.00000   64   18  150.00000  130.66667  12.9%  20.9 6055s
 2801861 325359     cutoff   64       150.00000  130.68278  12.9%  20.9 6060s
 2804015 325051     cutoff   57       150.00000  130.71429  12.9%  20.9 6065s
 2805519 324889 infeasible   86       150.00000  130.72831  12.8%  20.9 6070s
 2807447 324621  140.73390   73   44  150.00000  130.75000  12.8%  20.9 6075s
 2809172 324504 infeasible   60       150.00000  130.75000  12.8%  20.9 6080s
 2810621 324371  138.12338   78   56  150.00000  130.75701  12.8%  20.9 6085s
 2812101 324157  136.08469   79   76  150.00000  130.77778  12.8%  20.9 6090s
 2813566 323951     cutoff   68       150.00000  130.80000  12.8%  20.9 6096s
 2814422 323920  136.33442   63   58  150.00000  130.80000  12.8%  20.9 6100s
 2815220 323838  142.63085   67   45  150.00000  130.81132  12.8%  20.9 6105s
 2816744 323650  133.41667   58   59  150.00000  130.83333  12.8%  20.9 6111s
 2818052 323564     cutoff   73       150.00000  130.83333  12.8%  20.9 6115s
 2820320 323292     cutoff   63       150.00000  130.86111  12.8%  20.9 6120s
 2821886 323078 infeasible   61       150.00000  130.88110  12.7%  20.9 6125s
 2823961 322739  132.00000   55   17  150.00000  130.91257  12.7%  20.9 6130s
 2826182 322453     cutoff   56       150.00000  130.94602  12.7%  20.9 6135s
 2828471 322174 infeasible   66       150.00000  130.98182  12.7%  20.9 6140s
 2830552 321956 infeasible   41       150.00000  131.00000  12.7%  20.9 6145s
 2832353 321817  144.54677   55   21  150.00000  131.00000  12.7%  20.9 6150s
 2834490 321574 infeasible   92       150.00000  131.00000  12.7%  20.9 6155s
 2836734 321380     cutoff   56       150.00000  131.00000  12.7%  20.9 6160s
 2838674 321251 infeasible   78       150.00000  131.00000  12.7%  20.9 6165s
 2840526 320981  134.05164   58   43  150.00000  131.00000  12.7%  20.9 6170s
 2842686 320739     cutoff   69       150.00000  131.00000  12.7%  20.9 6175s
 2844774 320549 infeasible   46       150.00000  131.00000  12.7%  20.9 6180s
 2847492 320335  138.00000   61   35  150.00000  131.00000  12.7%  20.9 6185s
 2849463 320166  132.23529   59   56  150.00000  131.00000  12.7%  20.9 6190s
 2851652 319996  137.33333   69   24  150.00000  131.00000  12.7%  20.9 6195s
 2853361 319804     cutoff   67       150.00000  131.00000  12.7%  20.9 6200s
 2855359 319612  131.33333   42   19  150.00000  131.00000  12.7%  20.9 6205s
 2857530 319449 infeasible   49       150.00000  131.00000  12.7%  20.9 6210s
 2859731 319228  133.02844   70   59  150.00000  131.00000  12.7%  20.9 6215s
 2861914 319089  143.00000   86   21  150.00000  131.00000  12.7%  20.9 6220s
 2863993 318906  133.05525   57   46  150.00000  131.00000  12.7%  20.9 6225s
 2866538 318663     cutoff   77       150.00000  131.00000  12.7%  20.9 6230s
 2868609 318501     cutoff   67       150.00000  131.00000  12.7%  20.9 6235s
 2869977 318380 infeasible   76       150.00000  131.00000  12.7%  20.9 6240s
 2872033 318171     cutoff   85       150.00000  131.00000  12.7%  20.9 6245s
 2874173 318056  143.76972   87   61  150.00000  131.00000  12.7%  20.9 6250s
 2875788 317958  134.24057   44   49  150.00000  131.00398  12.7%  20.9 6255s
 2877613 317855  146.21053   89   75  150.00000  131.01131  12.7%  20.9 6260s
 2879564 317622     cutoff   67       150.00000  131.02099  12.7%  20.9 6265s
 2881487 317356  134.09971   57   54  150.00000  131.03289  12.6%  20.9 6270s
 2883631 317000  135.23386   90   40  150.00000  131.04951  12.6%  20.9 6275s
 2885809 316669  144.39024   74   70  150.00000  131.06822  12.6%  20.9 6280s
 2887919 316394     cutoff   70       150.00000  131.09091  12.6%  20.9 6285s
 2889446 316112  134.97086   64   39  150.00000  131.10938  12.6%  20.9 6290s
 2891240 315812  142.33749  102   53  150.00000  131.12500  12.6%  20.9 6295s
 2893394 315562  132.33333   51   38  150.00000  131.14286  12.6%  20.9 6300s
 2895136 315309     cutoff   81       150.00000  131.16667  12.6%  20.9 6305s
 2897406 315090  132.97015   73   69  150.00000  131.18266  12.5%  20.9 6310s
 2899293 314857  134.66667   50   19  150.00000  131.20000  12.5%  20.9 6315s
 2901246 314628  136.44397  112   50  150.00000  131.22222  12.5%  20.9 6320s
 2903012 314346 infeasible   73       150.00000  131.25000  12.5%  20.9 6325s
 2905002 314167     cutoff   78       150.00000  131.25000  12.5%  20.9 6331s
 2906621 314031  135.00000   80    6  150.00000  131.26102  12.5%  20.9 6335s
 2908536 313782 infeasible   68       150.00000  131.28571  12.5%  20.9 6340s
 2910611 313425     cutoff   86       150.00000  131.31777  12.5%  20.9 6345s
 2912752 313076     cutoff   61       150.00000  131.33333  12.4%  20.9 6350s
 2914959 312899  134.79302   74   32  150.00000  131.33333  12.4%  20.9 6355s
 2916660 312756     cutoff   69       150.00000  131.33333  12.4%  20.9 6360s
 2918499 312679  147.57143   83   66  150.00000  131.33333  12.4%  20.9 6365s
 2920437 312444  134.20720   48   67  150.00000  131.35714  12.4%  20.9 6371s
 2921826 312234  144.00000   61   16  150.00000  131.37500  12.4%  20.9 6375s
 2923524 311950     cutoff   65       150.00000  131.40000  12.4%  20.9 6380s
 2925376 311741  133.82813   58   66  150.00000  131.40909  12.4%  20.9 6385s
 2927587 311445     cutoff   46       150.00000  131.43750  12.4%  20.9 6390s
 2929091 311174  142.19000   71   39  150.00000  131.46044  12.4%  20.9 6395s
 2931116 310850     cutoff   59       150.00000  131.50000  12.3%  20.9 6400s
 2932991 310694     cutoff   64       150.00000  131.50000  12.3%  20.9 6405s
 2935007 310444  132.00000   65   37  150.00000  131.50000  12.3%  20.9 6411s
 2936655 310268 infeasible   61       150.00000  131.50000  12.3%  20.9 6415s
 2938301 310122 infeasible   54       150.00000  131.50000  12.3%  20.9 6420s
 2940490 309966  142.03301   70   47  150.00000  131.50000  12.3%  20.9 6426s
 2942145 309851 infeasible   73       150.00000  131.50000  12.3%  20.9 6430s
 2944209 309728 infeasible   64       150.00000  131.50000  12.3%  20.9 6435s
 2946371 309423     cutoff   71       150.00000  131.52778  12.3%  20.9 6440s
 2947704 309187  134.00000   84   45  150.00000  131.54545  12.3%  20.9 6445s
 2950014 308860  133.84905   76   63  150.00000  131.57143  12.3%  20.9 6450s
 2951548 308658  143.43679   62   55  150.00000  131.58720  12.3%  20.9 6455s
 2952957 308440  145.00000   69   54  150.00000  131.60000  12.3%  20.9 6460s
 2955063 308147  132.02438   59   47  150.00000  131.62524  12.2%  20.9 6465s
 2956146 307976     cutoff   60       150.00000  131.64286  12.2%  20.9 6470s
 2957836 307701  134.65079   43   56  150.00000  131.66667  12.2%  20.9 6475s
 2959462 307528  145.66667  104   45  150.00000  131.66667  12.2%  20.9 6480s
 2961589 307307     cutoff   67       150.00000  131.66667  12.2%  20.9 6485s
 2963265 307118  146.43380   92   70  150.00000  131.66667  12.2%  20.9 6490s
 2965146 306929  141.00000  124   40  150.00000  131.67925  12.2%  20.9 6496s
 2966863 306646  148.74776   62   66  150.00000  131.70169  12.2%  20.9 6500s
 2968636 306363  148.66667   75   22  150.00000  131.72639  12.2%  20.9 6505s
 2970570 306108  136.77778   54   33  150.00000  131.75000  12.2%  20.9 6510s
 2972270 305943  143.75000   57   41  150.00000  131.75000  12.2%  20.9 6515s
 2974332 305756  142.75000   89   72  150.00000  131.76199  12.2%  20.8 6520s
 2976234 305520  145.00000   72   46  150.00000  131.78571  12.1%  20.8 6526s
 2977738 305335 infeasible   84       150.00000  131.80000  12.1%  20.8 6530s
 2979446 305083  140.45455   68   50  150.00000  131.82353  12.1%  20.8 6535s
 2980944 304868 infeasible   64       150.00000  131.83333  12.1%  20.8 6540s
 2982899 304529  144.50000   62   48  150.00000  131.85714  12.1%  20.8 6545s
 2984947 304183  138.00870   64   22  150.00000  131.88679  12.1%  20.8 6550s
 2986599 303878     cutoff   85       150.00000  131.90741  12.1%  20.8 6555s
 2988604 303547  133.33333   54   44  150.00000  131.93873  12.0%  20.8 6560s
 2990266 303295     cutoff   51       150.00000  131.96809  12.0%  20.8 6565s
 2992020 303030  133.50000   71   35  150.00000  132.00000  12.0%  20.8 6571s
 2993783 302819  139.00000   57    8  150.00000  132.00000  12.0%  20.8 6575s
 2995478 302616  140.11124   60   47  150.00000  132.00000  12.0%  20.8 6581s
 2996704 302470     cutoff   84       150.00000  132.00000  12.0%  20.8 6585s
 2998605 302212  145.66667   55   39  150.00000  132.00000  12.0%  20.8 6591s
 2999896 302077  138.00000   49   35  150.00000  132.00000  12.0%  20.8 6596s
 3001098 301937  137.75000   47   25  150.00000  132.00000  12.0%  20.8 6600s
 3002740 301750  142.09767   57   47  150.00000  132.00000  12.0%  20.8 6606s
 3004007 301647  148.00173   74   48  150.00000  132.00000  12.0%  20.8 6610s
 3005239 301507     cutoff   55       150.00000  132.00000  12.0%  20.8 6615s
 3006440 301350     cutoff   77       150.00000  132.00000  12.0%  20.8 6620s
 3007238 301260  138.00000   58   28  150.00000  132.00000  12.0%  20.8 6626s
 3008062 301172  143.03098   61   49  150.00000  132.00000  12.0%  20.8 6631s
 3008852 301085  139.50000   70   23  150.00000  132.00000  12.0%  20.8 6638s
 3009211 301026 infeasible   58       150.00000  132.00000  12.0%  20.8 6642s
 3009980 300926     cutoff   54       150.00000  132.00000  12.0%  20.8 6645s
 3011248 300799  133.91427   70   45  150.00000  132.00000  12.0%  20.8 6650s
 3012492 300679 infeasible   60       150.00000  132.00000  12.0%  20.8 6655s
 3014129 300489  139.16667   43   40  150.00000  132.00000  12.0%  20.8 6660s
 3015699 300297  136.00000   52   36  150.00000  132.00000  12.0%  20.8 6665s
 3017303 300109     cutoff   65       150.00000  132.00000  12.0%  20.8 6670s
 3018754 299915  140.40025   69   48  150.00000  132.00000  12.0%  20.8 6675s
 3020325 299746  135.00000   71   39  150.00000  132.00000  12.0%  20.8 6680s
 3021977 299577  135.14118   51   55  150.00000  132.00000  12.0%  20.8 6685s
 3023519 299366     cutoff   54       150.00000  132.00000  12.0%  20.8 6690s
 3024768 299208 infeasible   53       150.00000  132.00000  12.0%  20.8 6695s
 3026431 299007  140.38398   58   66  150.00000  132.00000  12.0%  20.8 6700s
 3027567 298864  139.18349   67   44  150.00000  132.00000  12.0%  20.8 6705s
 3029071 298717  139.50000   86   42  150.00000  132.00000  12.0%  20.8 6710s
 3031033 298470  142.80000   69   35  150.00000  132.00000  12.0%  20.8 6716s
 3032734 298333  142.34889  113   65  150.00000  132.00000  12.0%  20.8 6720s
 3034307 298207     cutoff   50       150.00000  132.00000  12.0%  20.8 6725s
 3036299 298012  142.66667   58   41  150.00000  132.00321  12.0%  20.8 6730s
 3038026 297883 infeasible   63       150.00000  132.01168  12.0%  20.8 6735s
 3039670 297698  133.25000   75   37  150.00000  132.01920  12.0%  20.8 6740s
 3041376 297438  145.00000   42   24  150.00000  132.03074  12.0%  20.8 6745s
 3043258 297073     cutoff   64       150.00000  132.04545  12.0%  20.8 6750s
 3045056 296810     cutoff   48       150.00000  132.05882  12.0%  20.8 6756s
 3045730 296704     cutoff   59       150.00000  132.06504  12.0%  20.8 6760s
 3046949 296457  137.00000   56   57  150.00000  132.07869  11.9%  20.8 6765s
 3048265 296228     cutoff   78       150.00000  132.09240  11.9%  20.8 6770s
 3050003 295835     cutoff   78       150.00000  132.11400  11.9%  20.8 6775s
 3050924 295665  148.05636   53    6  150.00000  132.12500  11.9%  20.8 6780s
 3051921 295536  145.34684   65   55  150.00000  132.13762  11.9%  20.8 6785s
 3053153 295309  145.33228   85   25  150.00000  132.14871  11.9%  20.8 6791s
 3054078 295107     cutoff   55       150.00000  132.16667  11.9%  20.8 6795s
 3055256 294971  147.00000   69   29  150.00000  132.16667  11.9%  20.8 6800s
 3056688 294750  133.26244   77   47  150.00000  132.18488  11.9%  20.8 6805s
 3057668 294571 infeasible   72       150.00000  132.20000  11.9%  20.8 6810s
 3058784 294409     cutoff   69       150.00000  132.20054  11.9%  20.8 6815s
 3059668 294213  142.17285   60   65  150.00000  132.22116  11.9%  20.8 6821s
 3060334 294107  140.00820   90   62  150.00000  132.22660  11.8%  20.8 6825s
 3060975 294028  142.36585   87   77  150.00000  132.23810  11.8%  20.8 6830s
 3062454 293805     cutoff   74       150.00000  132.25000  11.8%  20.8 6835s
 3064180 293670  140.58333   75   27  150.00000  132.25000  11.8%  20.8 6840s
 3065937 293371     cutoff   72       150.00000  132.27273  11.8%  20.8 6845s
 3067837 293036  138.18519   66   55  150.00000  132.29888  11.8%  20.8 6850s
 3069030 292795  142.06818   55   57  150.00000  132.32222  11.8%  20.8 6856s
 3070216 292633  141.93119   71   31  150.00000  132.33333  11.8%  20.8 6860s
 3071740 292418  134.72445   78   63  150.00000  132.33333  11.8%  20.8 6865s
 3073029 292301  133.80000   78   36  150.00000  132.33333  11.8%  20.8 6870s
 3073943 292214  138.52457   45   19  150.00000  132.33333  11.8%  20.8 6875s
 3075190 292080 infeasible   64       150.00000  132.33333  11.8%  20.8 6880s
 3076391 291952  140.80465   59   46  150.00000  132.33333  11.8%  20.8 6885s
 3077909 291728     cutoff   53       150.00000  132.34825  11.8%  20.8 6890s
 3079725 291445  146.00000   59   24  150.00000  132.37500  11.8%  20.8 6895s
 3081625 291091  135.24528   54   49  150.00000  132.40000  11.7%  20.8 6900s
 3083340 290805  148.34427   62   60  150.00000  132.41584  11.7%  20.8 6905s
 3085500 290441  146.00000   75   48  150.00000  132.44097  11.7%  20.8 6910s
 3087321 290109 infeasible   57       150.00000  132.46789  11.7%  20.8 6915s
 3089320 289758  141.35887   58   35  150.00000  132.50000  11.7%  20.8 6920s
 3091032 289534  135.02062   71   38  150.00000  132.50000  11.7%  20.8 6925s
 3092237 289386  133.00000   83   12  150.00000  132.50000  11.7%  20.8 6930s
 3094110 289136  132.70409   73   32  150.00000  132.50000  11.7%  20.8 6935s
 3095601 288949     cutoff   67       150.00000  132.50000  11.7%  20.8 6940s
 3097187 288752 infeasible  102       150.00000  132.50000  11.7%  20.8 6945s
 3099172 288505  135.00000   66   47  150.00000  132.50000  11.7%  20.8 6950s
 3101120 288284  147.11765   70   65  150.00000  132.50000  11.7%  20.8 6956s
 3102591 288070     cutoff   63       150.00000  132.51291  11.7%  20.8 6960s
 3104425 287771  144.26218  117   41  150.00000  132.53794  11.6%  20.8 6965s
 3105911 287465  136.25000   65   33  150.00000  132.55568  11.6%  20.8 6970s
 3107301 287241  133.63623   54   43  150.00000  132.57143  11.6%  20.8 6975s
 3109264 286857     cutoff   54       150.00000  132.60000  11.6%  20.8 6980s
 3110595 286627     cutoff   75       150.00000  132.60714  11.6%  20.8 6985s
 3112146 286321     cutoff   89       150.00000  132.62938  11.6%  20.8 6990s
 3114279 285851  138.44955   47   31  150.00000  132.66667  11.6%  20.8 6995s
 3115072 285718  133.29523   54   30  150.00000  132.66667  11.6%  20.8 7000s
 3116935 285427 infeasible   66       150.00000  132.66667  11.6%  20.8 7005s
 3118839 285195  135.25000   64   39  150.00000  132.66667  11.6%  20.8 7010s
 3120125 285077  144.55556   47   27  150.00000  132.66667  11.6%  20.8 7015s
 3121634 284765 infeasible   74       150.00000  132.68920  11.5%  20.8 7020s
 3122944 284524     cutoff   76       150.00000  132.70588  11.5%  20.8 7025s
 3124846 284173  141.19933   81   29  150.00000  132.73591  11.5%  20.8 7030s
 3125888 284034  137.20425   55   34  150.00000  132.75000  11.5%  20.8 7035s
 3127350 283816  140.20000   86   78  150.00000  132.75000  11.5%  20.8 7040s
 3129438 283475 infeasible   77       150.00000  132.76807  11.5%  20.8 7045s
 3131232 283079     cutoff   91       150.00000  132.79874  11.5%  20.8 7050s
 3133239 282754 infeasible   69       150.00000  132.81412  11.5%  20.8 7055s
 3134233 282531  139.66667  100   12  150.00000  132.83333  11.4%  20.8 7060s
 3135767 282322     cutoff   58       150.00000  132.84290  11.4%  20.8 7065s
 3137545 281987  146.53091   41   37  150.00000  132.87319  11.4%  20.8 7071s
 3138691 281740  140.93023   77   40  150.00000  132.88812  11.4%  20.8 7075s
 3140552 281362 infeasible   43       150.00000  132.91304  11.4%  20.8 7080s
 3142412 280998 infeasible   83       150.00000  132.94318  11.4%  20.8 7086s
 3143614 280721     cutoff   53       150.00000  132.96738  11.4%  20.8 7090s
 3144981 280473  140.70693   64   58  150.00000  132.98741  11.3%  20.8 7095s
*3146173 277340              69     149.0000000  133.00000  10.7%  20.8 7103s
 3146191 277306  145.26237   76   51  149.00000  133.00000  10.7%  20.8 7105s
 3148103 276899  139.25000   48   36  149.00000  133.00000  10.7%  20.8 7110s
 3150145 276515     cutoff   63       149.00000  133.00000  10.7%  20.8 7116s
 3151994 276243  136.00000   66   31  149.00000  133.00000  10.7%  20.8 7120s
 3153438 275995     cutoff   57       149.00000  133.00000  10.7%  20.8 7125s
 3155134 275743  144.43676   56   56  149.00000  133.00000  10.7%  20.8 7130s
 3156375 275502  137.25000   56   54  149.00000  133.00000  10.7%  20.8 7135s
 3158203 275194  133.50000   57   43  149.00000  133.00000  10.7%  20.8 7140s
 3160105 274909  145.00492   64   61  149.00000  133.00000  10.7%  20.8 7145s
 3162147 274532  143.41658   63   39  149.00000  133.00000  10.7%  20.8 7150s
 3164110 274268  138.78756   57   50  149.00000  133.00000  10.7%  20.8 7155s
 3165995 273879     cutoff   64       149.00000  133.00000  10.7%  20.8 7160s
 3167841 273578  134.00000   52   38  149.00000  133.00000  10.7%  20.8 7165s
 3169763 273291     cutoff   54       149.00000  133.00000  10.7%  20.8 7171s
 3171123 273050 infeasible   52       149.00000  133.00000  10.7%  20.8 7175s
 3173334 272699  147.73963   56   73  149.00000  133.00000  10.7%  20.8 7180s
 3175020 272411     cutoff   94       149.00000  133.00000  10.7%  20.8 7185s
 3177083 272054     cutoff   61       149.00000  133.00000  10.7%  20.8 7190s
 3179023 271676  133.00000   86   19  149.00000  133.00000  10.7%  20.8 7195s
 3180773 271415 infeasible   54       149.00000  133.00000  10.7%  20.8 7200s
 3182905 271081  133.00000  115   24  149.00000  133.00000  10.7%  20.8 7205s
 3184671 270840  138.78571   70   50  149.00000  133.00000  10.7%  20.8 7210s
 3186676 270479     cutoff   63       149.00000  133.01323  10.7%  20.8 7215s
 3188700 270088  139.60210   61   67  149.00000  133.02608  10.7%  20.8 7220s
 3190556 269683     cutoff   69       149.00000  133.04130  10.7%  20.8 7225s
 3192524 269201     cutoff  108       149.00000  133.06250  10.7%  20.8 7230s
 3193720 268906     cutoff   73       149.00000  133.07692  10.7%  20.8 7235s
 3195442 268500  134.76065  111   59  149.00000  133.09758  10.7%  20.8 7240s
 3197290 268006  143.51433   61   61  149.00000  133.12342  10.7%  20.8 7245s
 3199289 267528  139.06918   72   42  149.00000  133.14815  10.6%  20.8 7250s
 3201172 267145  142.66667   58   23  149.00000  133.16667  10.6%  20.8 7255s
 3203148 266684     cutoff   66       149.00000  133.20000  10.6%  20.8 7260s
 3205372 266252  138.19229   53   27  149.00000  133.22222  10.6%  20.8 7265s
 3207186 265849  142.71429   75   52  149.00000  133.25000  10.6%  20.8 7270s
 3209032 265458  135.50000  103   41  149.00000  133.25000  10.6%  20.8 7275s
 3210943 265093  133.99653   54   56  149.00000  133.27273  10.6%  20.8 7280s
 3212763 264698  146.06008   73   66  149.00000  133.30000  10.5%  20.8 7285s
 3214809 264207  139.75976   62   25  149.00000  133.33333  10.5%  20.8 7290s
 3216411 263869  135.00000   70   41  149.00000  133.33333  10.5%  20.8 7295s
 3217840 263653  140.78125   57   54  149.00000  133.33333  10.5%  20.8 7300s
 3219178 263404  138.69333   66   36  149.00000  133.33333  10.5%  20.8 7305s
 3221217 262933     cutoff   61       149.00000  133.35714  10.5%  20.8 7311s
 3221981 262772 infeasible   80       149.00000  133.37254  10.5%  20.8 7315s
 3223045 262377     cutoff   86       149.00000  133.39050  10.5%  20.8 7320s
 3224168 262102 infeasible   73       149.00000  133.40000  10.5%  20.8 7326s
 3225363 261828  137.50000   85   40  149.00000  133.41667  10.5%  20.8 7330s
 3226467 261548  138.33333   76   55  149.00000  133.43410  10.4%  20.8 7335s
 3227592 261365 infeasible   76       149.00000  133.45455  10.4%  20.8 7342s
 3228407 261061  134.00000   51   26  149.00000  133.47248  10.4%  20.8 7345s
 3230051 260616  137.66667   56   50  149.00000  133.50000  10.4%  20.8 7350s
 3232054 260200  147.50000   57   37  149.00000  133.50000  10.4%  20.8 7355s
 3233417 259958  138.69231   52   37  149.00000  133.50000  10.4%  20.8 7360s
 3234737 259708  133.50000   48   20  149.00000  133.50000  10.4%  20.8 7365s
 3236379 259416     cutoff   60       149.00000  133.50000  10.4%  20.8 7370s
 3237631 259180 infeasible   87       149.00000  133.50000  10.4%  20.8 7375s
 3239838 258832  145.00000   47   29  149.00000  133.50000  10.4%  20.8 7380s
 3241912 258355  134.52445   75   30  149.00000  133.52867  10.4%  20.8 7385s
 3244024 257804     cutoff   66       149.00000  133.56426  10.4%  20.8 7390s
 3245962 257328     cutoff   60       149.00000  133.59812  10.3%  20.8 7395s
 3248005 256850  144.50961   79   41  149.00000  133.61972  10.3%  20.8 7400s
 3250184 256294     cutoff   60       149.00000  133.66479  10.3%  20.8 7405s
 3252166 255917 infeasible   56       149.00000  133.66667  10.3%  20.8 7410s
 3254142 255533  136.28926   50   45  149.00000  133.66667  10.3%  20.8 7415s
 3256110 255188  141.01799   53   58  149.00000  133.66707  10.3%  20.8 7420s
 3258183 254622     cutoff   75       149.00000  133.70820  10.3%  20.8 7425s
 3260134 254143     cutoff   62       149.00000  133.74370  10.2%  20.8 7430s
 3261979 253737  141.23042   50   66  149.00000  133.75000  10.2%  20.8 7435s
 3263716 253368  142.33333   90   20  149.00000  133.76634  10.2%  20.8 7440s
 3265623 252863  143.62617   60   47  149.00000  133.80000  10.2%  20.8 7445s
 3267578 252363  143.51150   56   45  149.00000  133.83261  10.2%  20.8 7450s
 3269728 251803  148.00000   59   24  149.00000  133.85714  10.2%  20.8 7455s
 3271706 251303     cutoff   68       149.00000  133.88889  10.1%  20.8 7460s
 3273525 250796  134.02229   43   58  149.00000  133.92248  10.1%  20.8 7465s
 3274610 250475  145.50000   72   38  149.00000  133.94444  10.1%  20.8 7470s
 3276823 249924     cutoff   63       149.00000  133.99217  10.1%  20.8 7475s
 3278661 249486 infeasible   56       149.00000  134.00000  10.1%  20.8 7480s
 3280764 249095  142.03813   67   31  149.00000  134.00000  10.1%  20.8 7485s
 3283015 248620  140.50000   89   37  149.00000  134.00000  10.1%  20.8 7490s
 3285213 248131     cutoff   67       149.00000  134.00000  10.1%  20.8 7495s
 3287320 247749     cutoff   52       149.00000  134.00000  10.1%  20.8 7500s
 3289466 247267     cutoff   63       149.00000  134.00000  10.1%  20.8 7505s
 3291614 246791  138.03601   50   48  149.00000  134.00000  10.1%  20.8 7510s
 3293774 246309     cutoff   64       149.00000  134.00000  10.1%  20.8 7515s
 3295674 245893  134.02453   74   68  149.00000  134.00000  10.1%  20.8 7520s
 3297982 245453  137.00000   86   59  149.00000  134.00000  10.1%  20.8 7525s
 3299586 245097  137.08517   66   42  149.00000  134.00000  10.1%  20.8 7530s
 3301485 244691  135.98953   91   38  149.00000  134.00000  10.1%  20.8 7535s
 3303350 244307     cutoff   59       149.00000  134.00000  10.1%  20.8 7540s
 3305274 243897     cutoff   57       149.00000  134.00000  10.1%  20.8 7545s
 3307324 243521  135.20000   65   44  149.00000  134.00000  10.1%  20.8 7550s
 3309629 243069  137.30769   56   44  149.00000  134.00000  10.1%  20.8 7555s
 3311366 242775     cutoff   74       149.00000  134.00000  10.1%  20.8 7560s
 3312624 242543  146.00000   95   49  149.00000  134.00000  10.1%  20.8 7565s
 3314333 242256  137.35300   80   18  149.00000  134.00876  10.1%  20.8 7570s
 3316555 241777     cutoff   75       149.00000  134.02348  10.1%  20.8 7575s
 3317947 241414  143.52173   79   55  149.00000  134.03536  10.0%  20.8 7580s
 3319829 240915  147.16394   69   53  149.00000  134.05409  10.0%  20.8 7585s
 3321910 240324  143.24391   67   48  149.00000  134.08058  10.0%  20.8 7590s
 3324158 239687  135.22195   47   54  149.00000  134.11244  10.0%  20.8 7595s
 3325949 239191  143.00000   56   29  149.00000  134.14270  10.0%  20.8 7600s
 3327906 238593  137.03310   58   37  149.00000  134.16667  10.0%  20.8 7605s
 3329998 238022  142.93333   52   55  149.00000  134.20000  9.93%  20.8 7610s
 3331913 237538  140.00000   56   27  149.00000  134.22222  9.92%  20.8 7615s
 3333966 237043  145.20800   72   48  149.00000  134.25000  9.90%  20.8 7620s
 3335979 236557  136.75000   49   22  149.00000  134.26087  9.89%  20.8 7625s
 3337808 236067  136.50000   66   34  149.00000  134.29907  9.87%  20.8 7630s
 3339867 235465     cutoff   56       149.00000  134.33333  9.84%  20.8 7635s
 3341760 235050     cutoff  111       149.00000  134.33333  9.84%  20.8 7640s
 3343659 234670  138.39665   91   49  149.00000  134.33333  9.84%  20.8 7645s
 3345632 234204  145.00000   56   21  149.00000  134.35780  9.83%  20.8 7650s
 3347591 233723  141.43743   65   48  149.00000  134.38889  9.81%  20.8 7655s
 3349521 233238  145.50000   76   30  149.00000  134.41256  9.79%  20.8 7660s
 3350500 232939  137.67505   56   42  149.00000  134.42857  9.78%  20.8 7665s
 3352802 232306     cutoff   88       149.00000  134.47500  9.75%  20.8 7670s
 3354757 231803     cutoff   57       149.00000  134.50000  9.73%  20.8 7675s
 3356684 231396  135.00000   53   27  149.00000  134.50000  9.73%  20.8 7680s
 3358692 230993     cutoff   87       149.00000  134.50000  9.73%  20.8 7685s
 3360934 230527 infeasible   60       149.00000  134.50000  9.73%  20.8 7690s
 3362978 230070     cutoff   87       149.00000  134.50000  9.73%  20.8 7695s
 3364987 229580  142.23597   77   40  149.00000  134.53115  9.71%  20.8 7700s
 3367059 229016  135.06291   97   60  149.00000  134.56590  9.69%  20.8 7705s
 3368789 228486  139.35000   54   59  149.00000  134.59949  9.66%  20.8 7710s
 3370864 227903  141.00000   67   42  149.00000  134.62500  9.65%  20.8 7715s
 3372814 227287  138.55702   61   40  149.00000  134.66667  9.62%  20.8 7720s
 3374860 226804     cutoff   53       149.00000  134.66667  9.62%  20.8 7725s
 3376889 226321     cutoff   62       149.00000  134.66667  9.62%  20.8 7730s
 3378686 225822     cutoff   62       149.00000  134.70000  9.60%  20.8 7735s
 3380893 225155  142.54545   68   27  149.00000  134.74452  9.57%  20.8 7740s
 3382854 224678     cutoff   78       149.00000  134.75000  9.56%  20.8 7745s
 3385160 224014     cutoff   47       149.00000  134.78726  9.54%  20.8 7750s
 3387149 223415  144.18163   75   46  149.00000  134.82102  9.52%  20.8 7755s
 3389072 222798     cutoff   62       149.00000  134.85151  9.50%  20.8 7760s
 3391077 222222     cutoff   58       149.00000  134.88871  9.47%  20.8 7765s
 3392668 221762  147.76923   64   52  149.00000  134.92491  9.45%  20.8 7770s
 3394521 221063  137.17739   66   46  149.00000  134.97209  9.41%  20.8 7775s
 3396478 220569  144.66667   50   32  149.00000  135.00000  9.40%  20.8 7780s
 3398553 220053  143.74602   69   56  149.00000  135.00000  9.40%  20.8 7785s
 3400604 219532  145.64450   75   48  149.00000  135.00000  9.40%  20.8 7790s
 3402655 219034     cutoff   72       149.00000  135.00000  9.40%  20.8 7795s
 3404694 218523  139.65311   72   53  149.00000  135.00000  9.40%  20.8 7800s
 3406967 217929     cutoff   86       149.00000  135.00000  9.40%  20.8 7805s
 3408934 217403  136.05121   76   24  149.00000  135.00000  9.40%  20.8 7810s
 3410875 216908  135.66667   54   39  149.00000  135.00000  9.40%  20.8 7815s
 3412866 216418  139.32000   54   49  149.00000  135.00000  9.40%  20.8 7820s
 3415109 215845 infeasible   69       149.00000  135.00000  9.40%  20.8 7825s
 3417228 215350  143.83333   47   28  149.00000  135.00000  9.40%  20.8 7830s
 3418143 215147     cutoff  118       149.00000  135.00000  9.40%  20.8 7835s
 3420163 214647  138.50000   53   36  149.00000  135.00000  9.40%  20.8 7840s
 3422280 214158 infeasible   53       149.00000  135.00000  9.40%  20.8 7845s
 3424464 213686     cutoff   71       149.00000  135.00000  9.40%  20.8 7850s
 3426300 213264  135.75000   67   26  149.00000  135.00000  9.40%  20.8 7855s
 3428184 212861  138.53333   99   52  149.00000  135.00255  9.39%  20.8 7860s
 3430253 212366 infeasible   70       149.00000  135.01920  9.38%  20.8 7865s
 3432263 211755  145.78176   78   22  149.00000  135.03917  9.37%  20.8 7870s
 3434536 211073     cutoff   63       149.00000  135.06667  9.35%  20.8 7875s
 3436243 210653  141.17662   81   36  149.00000  135.09091  9.33%  20.8 7880s
 3438108 209944  140.41469   79   68  149.00000  135.12175  9.31%  20.8 7885s
 3440313 209302  144.25000   93   34  149.00000  135.15385  9.29%  20.8 7890s
 3442535 208615     cutoff   73       149.00000  135.18414  9.27%  20.8 7895s
 3444195 208206  143.87132   86   61  149.00000  135.20000  9.26%  20.8 7900s
 3446080 207609     cutoff   67       149.00000  135.24638  9.23%  20.8 7905s
 3447998 207122  141.75411   68   49  149.00000  135.25000  9.23%  20.8 7910s
 3449839 206595     cutoff   50       149.00000  135.28449  9.21%  20.8 7915s
 3451758 205986  145.58237   84   40  149.00000  135.33122  9.17%  20.8 7920s
 3453928 205395 infeasible   70       149.00000  135.33333  9.17%  20.8 7925s
 3456020 204814     cutoff   69       149.00000  135.33333  9.17%  20.8 7930s
 3458036 204215     cutoff   73       149.00000  135.37434  9.14%  20.8 7935s
 3460153 203637  137.00000   67   40  149.00000  135.40000  9.13%  20.8 7940s
 3462308 202969     cutoff   73       149.00000  135.43750  9.10%  20.8 7945s
 3464142 202360  137.96970   61   45  149.00000  135.48624  9.07%  20.7 7950s
 3466099 201726     cutoff   60       149.00000  135.50000  9.06%  20.7 7955s
 3468054 201205  145.40000   72   45  149.00000  135.50000  9.06%  20.7 7960s
 3469883 200729  147.33333   61   25  149.00000  135.50000  9.06%  20.7 7965s
 3471989 200244  145.00000   71   22  149.00000  135.50000  9.06%  20.7 7970s
 3473950 199746  141.97487   74   21  149.00000  135.50940  9.05%  20.7 7975s
 3475723 199122  138.25000   86   51  149.00000  135.55095  9.03%  20.7 7980s
 3477772 198432     cutoff   51       149.00000  135.58974  9.00%  20.7 7985s
 3479877 197866  140.13628   55   53  149.00000  135.61905  8.98%  20.7 7990s
 3481825 197259 infeasible   69       149.00000  135.66501  8.95%  20.7 7995s
 3483845 196648  147.33333   69   28  149.00000  135.66667  8.95%  20.7 8000s
 3485417 196205     cutoff   56       149.00000  135.66667  8.95%  20.7 8005s
 3487245 195588     cutoff   79       149.00000  135.69921  8.93%  20.7 8010s
 3489409 194811  139.75000   48   45  149.00000  135.75000  8.89%  20.7 8015s
 3491473 194212  137.40957   78   59  149.00000  135.75668  8.89%  20.7 8020s
 3493760 193425  139.50000   59   40  149.00000  135.80000  8.86%  20.7 8025s
 3495771 192741  142.11441   68   29  149.00000  135.83767  8.83%  20.7 8030s
 3497962 191983  140.57143   57   26  149.00000  135.88889  8.80%  20.7 8035s
 3499898 191280  138.19717   83   36  149.00000  135.93333  8.77%  20.7 8040s
 3501958 190600     cutoff   56       149.00000  135.98820  8.73%  20.7 8045s
 3503962 189984  144.26506   60   29  149.00000  136.00000  8.72%  20.7 8050s
 3506167 189389     cutoff   62       149.00000  136.00000  8.72%  20.7 8055s
 3508443 188696  147.00000   73   40  149.00000  136.00000  8.72%  20.7 8060s
 3510457 188105 infeasible   50       149.00000  136.00000  8.72%  20.7 8065s
 3511976 187691 infeasible   60       149.00000  136.00000  8.72%  20.7 8070s
 3514184 187105     cutoff   74       149.00000  136.00000  8.72%  20.7 8075s
 3516071 186596  137.25244   48   64  149.00000  136.00000  8.72%  20.7 8080s
 3518154 186004     cutoff   61       149.00000  136.00000  8.72%  20.7 8085s
 3520284 185410  145.64078   62   24  149.00000  136.00000  8.72%  20.7 8090s
 3522063 184874  145.00000   78   69  149.00000  136.00000  8.72%  20.7 8095s
 3524094 184298     cutoff   65       149.00000  136.00000  8.72%  20.7 8100s
 3526393 183751  137.35885   64   50  149.00000  136.00000  8.72%  20.7 8105s
 3528226 183234     cutoff   61       149.00000  136.00000  8.72%  20.7 8110s
 3530177 182767  140.10000   77   61  149.00000  136.00000  8.72%  20.7 8115s
 3532312 182158  144.00887   68   35  149.00000  136.01774  8.71%  20.7 8120s
 3533850 181647  136.03402   51   37  149.00000  136.03402  8.70%  20.7 8125s
 3535972 180856 infeasible   56       149.00000  136.06487  8.68%  20.7 8130s
 3537297 180396  139.50000   72   45  149.00000  136.08559  8.67%  20.7 8135s
 3539343 179711  144.38412   59   36  149.00000  136.12033  8.64%  20.7 8140s
 3541552 178845     cutoff   62       149.00000  136.16667  8.61%  20.7 8145s
 3543847 178079  144.25000   68   63  149.00000  136.20000  8.59%  20.7 8150s
 3545740 177380 infeasible   82       149.00000  136.25000  8.56%  20.7 8155s
 3547891 176800     cutoff   49       149.00000  136.25641  8.55%  20.7 8160s
 3549868 176115  142.59132   65   44  149.00000  136.30244  8.52%  20.7 8165s
 3551968 175430     cutoff   68       149.00000  136.33333  8.50%  20.7 8170s
 3554062 174814  140.54545   52   35  149.00000  136.33333  8.50%  20.7 8175s
 3556034 174204  140.26516   55   57  149.00000  136.35907  8.48%  20.7 8180s
 3557626 173629  139.07426   50   40  149.00000  136.39683  8.46%  20.7 8185s
 3559763 172942 infeasible   57       149.00000  136.42857  8.44%  20.7 8190s
 3561771 172139 infeasible   67       149.00000  136.49118  8.40%  20.7 8195s
 3564107 171358     cutoff   64       149.00000  136.50000  8.39%  20.7 8200s
 3566146 170758     cutoff   64       149.00000  136.50000  8.39%  20.7 8205s
 3568198 170147 infeasible   62       149.00000  136.50000  8.39%  20.7 8210s
 3570385 169370     cutoff  111       149.00000  136.52710  8.37%  20.7 8215s
 3572498 168568     cutoff   86       149.00000  136.57143  8.34%  20.7 8220s
 3574757 167681     cutoff   78       149.00000  136.62500  8.31%  20.7 8225s
 3576767 166991  140.40000   60   50  149.00000  136.66667  8.28%  20.7 8230s
 3578965 166340 infeasible   66       149.00000  136.66667  8.28%  20.7 8237s
 3579840 166029  140.43876   89   30  149.00000  136.66885  8.28%  20.7 8240s
 3581936 165253  144.50000   82   21  149.00000  136.72065  8.24%  20.7 8245s
 3584295 164473     cutoff   53       149.00000  136.75000  8.22%  20.7 8250s
 3586335 163695  146.51803   83   54  149.00000  136.80000  8.19%  20.7 8255s
 3588116 162977     cutoff   71       149.00000  136.83333  8.17%  20.7 8260s
 3589868 162352  139.93197   52   66  149.00000  136.86939  8.14%  20.7 8265s
 3592035 161481     cutoff   73       149.00000  136.92857  8.10%  20.7 8270s
 3594015 160685 infeasible   47       149.00000  136.99316  8.06%  20.7 8275s
 3596417 159888  139.46154   62   48  149.00000  137.00000  8.05%  20.7 8280s
 3598670 159197  147.50000   81   27  149.00000  137.00000  8.05%  20.7 8285s
 3600486 158577  142.07143   73   50  149.00000  137.00000  8.05%  20.7 8290s
 3602714 157783  147.75000   64   53  149.00000  137.00000  8.05%  20.7 8295s
 3604895 157007  139.25108   53   38  149.00000  137.00000  8.05%  20.7 8300s
 3606756 156378  141.25000   65   30  149.00000  137.00000  8.05%  20.7 8305s
 3608762 155766  138.11111   46   54  149.00000  137.00000  8.05%  20.7 8310s
 3610937 155076     cutoff   73       149.00000  137.00000  8.05%  20.7 8315s
 3613026 154386     cutoff   82       149.00000  137.00000  8.05%  20.7 8320s
 3614827 153794  142.00000  105   57  149.00000  137.00000  8.05%  20.7 8325s
 3616660 153194     cutoff   77       149.00000  137.00000  8.05%  20.7 8330s
 3618521 152570  137.75000   62   37  149.00000  137.00591  8.05%  20.7 8335s
 3620663 151865     cutoff   69       149.00000  137.02799  8.03%  20.7 8340s
 3622972 150997     cutoff   68       149.00000  137.06573  8.01%  20.7 8345s
 3625041 150216 infeasible   64       149.00000  137.10640  7.98%  20.7 8350s
 3627172 149330     cutoff  108       149.00000  137.15436  7.95%  20.7 8355s
 3629124 148547     cutoff   59       149.00000  137.20000  7.92%  20.7 8360s
 3631013 147752     cutoff   59       149.00000  137.25000  7.89%  20.7 8365s
 3632817 147172     cutoff   70       149.00000  137.25349  7.88%  20.7 8370s
 3634842 146394     cutoff   64       149.00000  137.31628  7.84%  20.7 8375s
 3636761 145683     cutoff  100       149.00000  137.33333  7.83%  20.7 8380s
 3638693 145068  142.40000   90   64  149.00000  137.33333  7.83%  20.7 8385s
 3640963 144195     cutoff   62       149.00000  137.40000  7.79%  20.7 8390s
 3643000 143399     cutoff   59       149.00000  137.44444  7.76%  20.7 8395s
 3644998 142590  137.52346   52   33  149.00000  137.50000  7.72%  20.7 8400s
 3647066 141890  137.75000   66   34  149.00000  137.50000  7.72%  20.7 8405s
 3648622 141409     cutoff   50       149.00000  137.50000  7.72%  20.7 8410s
 3650396 140790     cutoff   94       149.00000  137.50000  7.72%  20.7 8415s
 3652498 139902  138.33333   52   27  149.00000  137.55000  7.68%  20.7 8420s
 3654659 139040 infeasible   65       149.00000  137.60000  7.65%  20.7 8425s
 3656484 138284  144.50000   55    9  149.00000  137.66667  7.61%  20.7 8430s
 3658447 137575  139.50000   66   24  149.00000  137.66667  7.61%  20.7 8435s
 3660653 136691     cutoff   78       149.00000  137.70000  7.58%  20.7 8440s
 3662793 135814     cutoff   44       149.00000  137.75000  7.55%  20.7 8445s
 3665026 134843 infeasible   75       149.00000  137.80000  7.52%  20.7 8450s
 3667107 133958     cutoff   73       149.00000  137.85572  7.48%  20.7 8455s
 3669159 133070 infeasible   44       149.00000  137.91667  7.44%  20.7 8460s
 3671340 132092  144.97021   82   52  149.00000  138.00000  7.38%  20.6 8465s
 3673481 131285     cutoff   57       149.00000  138.00000  7.38%  20.6 8470s
 3675512 130574  138.00000   97   33  149.00000  138.00000  7.38%  20.6 8475s
 3677639 129797 infeasible   73       149.00000  138.00000  7.38%  20.6 8480s
 3680020 128828     cutoff   62       149.00000  138.00000  7.38%  20.6 8485s
 3681647 128163  140.42857   65   55  149.00000  138.00000  7.38%  20.6 8490s
 3683877 127282  142.00000   72   41  149.00000  138.00000  7.38%  20.6 8495s
 3686060 126479     cutoff   79       149.00000  138.00000  7.38%  20.6 8500s
 3688240 125620  145.09847   52   53  149.00000  138.00000  7.38%  20.6 8505s
 3690162 124917  146.93750   87   70  149.00000  138.00000  7.38%  20.6 8510s
 3692163 124207     cutoff   54       149.00000  138.01807  7.37%  20.6 8515s
 3694453 123234     cutoff   94       149.00000  138.05946  7.34%  20.6 8520s
 3696574 122262     cutoff   60       149.00000  138.11538  7.31%  20.6 8525s
 3698806 121290     cutoff   78       149.00000  138.16667  7.27%  20.6 8530s
 3700963 120313  145.36471   92   58  149.00000  138.22936  7.23%  20.6 8535s
 3703097 119345  140.28571   48   58  149.00000  138.27273  7.20%  20.6 8540s
 3704821 118589     cutoff   44       149.00000  138.33333  7.16%  20.6 8545s
 3706986 117701     cutoff   76       149.00000  138.33333  7.16%  20.6 8550s
 3709350 116651  140.02703   68   64  149.00000  138.40000  7.11%  20.6 8555s
 3711512 115583     cutoff   65       149.00000  138.48744  7.06%  20.6 8560s
 3713779 114600     cutoff   93       149.00000  138.50000  7.05%  20.6 8565s
 3716001 113719 infeasible   69       149.00000  138.50000  7.05%  20.6 8570s
 3717931 112915     cutoff   44       149.00000  138.53667  7.02%  20.6 8575s
 3720165 111857     cutoff   63       149.00000  138.60882  6.97%  20.6 8580s
 3721985 111046     cutoff   66       149.00000  138.66667  6.94%  20.6 8585s
 3723947 110241     cutoff   48       149.00000  138.67679  6.93%  20.6 8590s
 3725679 109407  147.33333   77   44  149.00000  138.74722  6.88%  20.6 8595s
 3727223 108743     cutoff   76       149.00000  138.76657  6.87%  20.6 8600s
 3729465 107688     cutoff   61       149.00000  138.83383  6.82%  20.6 8605s
 3731636 106623 infeasible   58       149.00000  138.92754  6.76%  20.6 8610s
 3733949 105557     cutoff   70       149.00000  139.00000  6.71%  20.6 8615s
 3736285 104584  139.87952   62   45  149.00000  139.00000  6.71%  20.6 8620s
 3738615 103523  139.22222   44   23  149.00000  139.00000  6.71%  20.6 8625s
 3740906 102534  147.00000   84   16  149.00000  139.00000  6.71%  20.6 8630s
 3743166 101545 infeasible   71       149.00000  139.00000  6.71%  20.6 8635s
 3745549 100486     cutoff   71       149.00000  139.00000  6.71%  20.6 8640s
 3747643 99498 infeasible   53       149.00000  139.00000  6.71%  20.6 8645s
 3749492 98755     cutoff   62       149.00000  139.01045  6.70%  20.6 8650s
 3751919 97607 infeasible   65       149.00000  139.06359  6.67%  20.6 8655s
 3754063 96454 infeasible   52       149.00000  139.13695  6.62%  20.6 8660s
 3756277 95316  146.26562   70   40  149.00000  139.20883  6.57%  20.6 8665s
 3758466 94251     cutoff   65       149.00000  139.27270  6.53%  20.6 8670s
 3760767 93096 infeasible   64       149.00000  139.33333  6.49%  20.6 8675s
 3762959 92030     cutoff   67       149.00000  139.40000  6.44%  20.6 8680s
 3765315 90886  142.00000   52   24  149.00000  139.50000  6.38%  20.6 8685s
 3767562 89825  144.13410   72   16  149.00000  139.50000  6.38%  20.6 8690s
 3769571 88841 infeasible   59       149.00000  139.53201  6.35%  20.6 8695s
 3771679 87768     cutoff   52       149.00000  139.61876  6.30%  20.6 8700s
 3773852 86697  147.26563   71   73  149.00000  139.66667  6.26%  20.6 8705s
 3775673 85809     cutoff   60       149.00000  139.73812  6.22%  20.6 8710s
 3778020 84572     cutoff   54       149.00000  139.81429  6.16%  20.6 8715s
 3780235 83336     cutoff   60       149.00000  139.92030  6.09%  20.6 8720s
 3782453 82183 infeasible   75       149.00000  140.00000  6.04%  20.6 8725s
 3784910 81032 infeasible   62       149.00000  140.00000  6.04%  20.6 8730s
 3787213 79878 infeasible   85       149.00000  140.00000  6.04%  20.6 8735s
 3789558 78716     cutoff   59       149.00000  140.00000  6.04%  20.6 8740s
 3791985 77483  144.20818   93   49  149.00000  140.00000  6.04%  20.6 8745s
 3794197 76423  140.03956   73   32  149.00000  140.01650  6.03%  20.6 8750s
 3795960 75415  142.28849   50   32  149.00000  140.07692  5.99%  20.6 8755s
 3798381 74008     cutoff   73       149.00000  140.19454  5.91%  20.5 8760s
 3800686 72782     cutoff   52       149.00000  140.28571  5.85%  20.5 8765s
 3803149 71380     cutoff   71       149.00000  140.36667  5.79%  20.5 8770s
 3805445 70141  146.93750   52   59  149.00000  140.50000  5.70%  20.5 8775s
 3807966 68726     cutoff   85       149.00000  140.50000  5.70%  20.5 8780s
 3810147 67479  145.15385  128   67  149.00000  140.62092  5.62%  20.5 8785s
 3812499 66151  140.75000   62   24  149.00000  140.70000  5.57%  20.5 8790s
 3814810 64822 infeasible   55       149.00000  140.81522  5.49%  20.5 8795s
 3817445 63239 infeasible   47       149.00000  141.00000  5.37%  20.5 8800s
 3820039 61820     cutoff   62       149.00000  141.00000  5.37%  20.5 8805s
 3822496 60494     cutoff   64       149.00000  141.00000  5.37%  20.5 8810s
 3824082 59572 infeasible   47       149.00000  141.00000  5.37%  20.5 8815s
 3826279 58416  147.92423   80   51  149.00000  141.00000  5.37%  20.5 8821s
 3828064 57328  141.48000   61   69  149.00000  141.05001  5.34%  20.5 8825s
 3830468 55828 infeasible   62       149.00000  141.18219  5.25%  20.5 8830s
 3833212 54159     cutoff   68       149.00000  141.33333  5.15%  20.5 8835s
 3835986 52411 infeasible   65       149.00000  141.50000  5.03%  20.5 8840s
 3838594 50824     cutoff   64       149.00000  141.55556  5.00%  20.5 8845s
 3841128 49240 infeasible   70       149.00000  141.68570  4.91%  20.5 8850s
 3843797 47483  146.23077   74   51  149.00000  141.88889  4.77%  20.5 8855s
 3846473 45810  142.00000   58   21  149.00000  142.00000  4.70%  20.5 8860s
 3849220 44050  143.22891   58   55  149.00000  142.00000  4.70%  20.5 8865s
 3851801 42458  145.48697   69   54  149.00000  142.02019  4.68%  20.5 8870s
 3854542 40613     cutoff   74       149.00000  142.21384  4.55%  20.5 8875s
 3857356 38769     cutoff   67       149.00000  142.40000  4.43%  20.5 8880s
 3860016 37012     cutoff   58       149.00000  142.53812  4.34%  20.5 8885s
 3862319 35427  142.72727   56   47  149.00000  142.72727  4.21%  20.5 8890s
 3865080 33497  147.11732   46   32  149.00000  143.00000  4.03%  20.4 8895s
 3868008 31484  144.50000   71   34  149.00000  143.00000  4.03%  20.4 8900s
 3869583 30375     cutoff   65       149.00000  143.00620  4.02%  20.4 8905s
 3872829 27940  146.53846   50   42  149.00000  143.33333  3.80%  20.4 8910s
 3876058 25505 infeasible   63       149.00000  143.66667  3.58%  20.4 8915s
 3879164 23154  144.01064   66   29  149.00000  144.00000  3.36%  20.4 8920s
 3882264 20806     cutoff   54       149.00000  144.03688  3.33%  20.4 8925s
 3885728 18035  144.56250   78   59  149.00000  144.50000  3.02%  20.4 8930s
 3889297 15179     cutoff   58       149.00000  145.00000  2.68%  20.4 8935s
 3892934 12157 infeasible  110       149.00000  145.40000  2.42%  20.4 8940s
 3896978  8629     cutoff   68       149.00000  146.00000  2.01%  20.4 8945s
 3901207  4765     cutoff   52       149.00000  147.00000  1.34%  20.4 8950s
 3905292   817 infeasible   71       149.00000  148.00000  0.67%  20.3 8955s

Cutting planes:
  Gomory: 13
  Cover: 1270
  Implied bound: 377
  MIR: 24
  Flow cover: 162
  Inf proof: 654
  Zero half: 68

Explored 3906203 nodes (79416941 simplex iterations) in 8974.40 seconds
Thread count was 4 (of 4 available processors)

Solution count 10: 149 150 152 ... 181

Optimal solution found (tolerance 1.00e-04)
Best objective 1.490000000000e+02, best bound 1.490000000000e+02, gap 0.0000%
Optimize done!
X(0,18,17) 0.0
X(0,18,19) 0.0
X(0,18,20) 0.0
X(0,18,21) 0.0
X(0,19,1) 0.0
X(0,19,4) 0.0
X(0,19,5) 0.0
X(0,19,6) 0.0
X(0,19,7) 0.0
X(0,19,8) 0.0
X(0,19,10) 0.0
X(0,19,12) 0.0
X(0,19,13) 0.0
X(0,19,14) 0.0
X(0,19,15) 0.0
X(0,19,16) 0.0
X(0,19,17) 0.0
X(0,19,18) 0.0
X(0,19,20) 0.0
X(0,19,21) 0.0
X(0,20,1) 0.0
X(0,20,4) 0.0
X(0,20,5) 0.0
X(0,20,6) 0.0
X(0,20,7) 0.0
X(0,20,8) 0.0
X(0,20,10) 0.0
X(0,20,12) 0.0
X(0,20,13) 0.0
X(0,20,14) 0.0
X(0,20,15) 0.0
X(0,20,16) 0.0
X(0,20,17) 0.0
X(0,4,1) 0.0
X(0,20,18) 0.0
X(0,20,19) 0.0
X(0,4,5) 0.0
X(0,20,21) 0.0
X(0,4,6) 0.0
X(0,4,7) 0.0
X(0,4,8) 0.0
X(0,4,10) 0.0
X(0,4,12) 0.0
X(0,4,13) 0.0
X(0,4,14) 0.0
X(0,4,15) 0.0
X(0,4,16) 0.0
X(0,21,1) 0.0
X(0,4,17) 0.0
X(0,4,18) 0.0
X(0,4,19) 0.0
X(0,21,4) 0.0
X(0,4,20) 0.0
X(0,21,5) 0.0
X(0,4,21) 0.0
X(0,21,6) 0.0
X(0,21,7) 0.0
X(0,21,8) 0.0
X(0,21,10) 0.0
X(0,21,12) 0.0
X(0,21,13) 0.0
X(0,21,14) 0.0
X(0,21,15) 0.0
X(0,21,16) 0.0
X(0,21,17) 0.0
X(0,5,1) 0.0
X(0,21,18) 0.0
X(0,21,19) 0.0
X(0,5,4) 0.0
X(0,21,20) 0.0
X(0,5,6) 0.0
X(0,5,7) 0.0
X(0,5,8) 0.0
X(0,5,10) 0.0
X(0,5,12) 0.0
X(0,5,13) 0.0
X(0,5,14) 0.0
X(0,5,15) 0.0
X(0,5,16) 0.0
X(0,5,17) 0.0
X(0,5,18) 0.0
X(0,5,19) 0.0
X(0,5,20) 0.0
X(0,5,21) 0.0
X(0,6,1) 0.0
X(0,6,4) 0.0
X(0,6,5) 0.0
X(0,6,7) 0.0
X(0,6,8) 0.0
X(0,6,10) 0.0
X(0,6,12) 0.0
X(0,6,13) 0.0
X(0,6,14) 0.0
X(0,6,15) 0.0
X(0,6,16) 0.0
X(0,6,17) 0.0
X(0,6,18) 0.0
X(0,6,19) 0.0
X(0,6,20) 0.0
X(0,6,21) 0.0
X(0,7,1) 0.0
X(0,7,4) 0.0
X(0,7,5) 0.0
X(0,7,6) 0.0
X(0,7,8) 0.0
X(0,7,10) 0.0
X(0,7,12) 0.0
X(0,7,13) 0.0
X(0,7,14) 0.0
X(0,7,15) 0.0
X(0,7,16) 0.0
X(0,7,17) 0.0
X(0,7,18) 0.0
X(0,7,19) 0.0
X(0,7,20) 0.0
X(0,7,21) 0.0
X(0,8,1) 0.0
X(0,8,4) 0.0
X(0,8,5) 0.0
X(0,8,6) 0.0
X(0,8,7) 0.0
X(0,8,10) 0.0
X(0,8,12) 0.0
X(0,8,13) 0.0
X(0,8,14) 0.0
X(0,8,15) 0.0
X(0,8,16) 0.0
X(0,8,17) 0.0
X(0,8,18) 0.0
X(0,8,19) 0.0
X(0,8,20) 0.0
X(0,8,21) 0.0
X(0,10,1) 0.0
X(0,10,4) 0.0
X(0,10,5) 0.0
X(0,10,6) 0.0
X(0,10,7) 0.0
X(0,10,8) 0.0
X(0,10,12) 0.0
X(0,10,13) 0.0
X(0,10,14) 0.0
X(0,10,15) 0.0
X(0,10,16) 0.0
X(0,10,17) 0.0
X(0,10,18) 0.0
X(0,10,19) 0.0
X(0,10,20) 0.0
X(0,10,21) 0.0
X(0,12,1) 0.0
X(0,12,4) 0.0
X(0,12,5) 0.0
X(0,12,6) 0.0
X(0,12,7) 0.0
X(0,12,8) 0.0
X(0,12,10) 0.0
X(0,12,13) 0.0
X(0,12,14) 0.0
X(0,12,15) 0.0
X(0,12,16) 0.0
X(0,12,17) 0.0
X(0,12,18) 0.0
X(0,12,19) 0.0
X(0,12,20) 0.0
X(0,12,21) 0.0
X(0,13,1) 0.0
X(0,13,4) 0.0
X(0,13,5) 0.0
X(0,13,6) 0.0
X(0,13,7) 0.0
X(0,13,8) 0.0
X(0,13,10) 0.0
X(0,13,12) 0.0
X(0,13,14) 0.0
X(0,13,15) 0.0
X(0,13,16) 0.0
X(0,13,17) 0.0
X(0,13,18) 0.0
X(0,13,19) 0.0
X(0,13,20) 0.0
X(0,13,21) 0.0
X(0,14,1) 0.0
X(0,14,4) 0.0
X(0,14,5) 0.0
X(0,14,6) 0.0
X(0,14,7) 0.0
X(0,14,8) 0.0
X(0,14,10) 0.0
X(0,14,12) 0.0
X(0,14,13) 0.0
X(0,14,15) 0.0
X(0,14,16) 0.0
X(0,14,17) 0.0
X(0,14,18) 0.0
X(0,14,19) 0.0
X(0,14,20) 0.0
X(0,14,21) 0.0
X(0,15,1) 0.0
X(0,15,4) 0.0
X(0,15,5) 0.0
X(0,15,6) 0.0
X(0,15,7) 0.0
X(0,15,8) 0.0
X(0,15,10) 0.0
X(0,15,12) 0.0
X(0,15,13) 0.0
X(0,15,14) 0.0
X(0,15,16) 0.0
X(0,15,17) 0.0
X(0,15,18) 0.0
X(0,15,19) 0.0
X(0,15,20) 0.0
X(0,15,21) 0.0
X(0,16,1) 0.0
X(0,16,4) 0.0
X(0,16,5) 0.0
X(0,16,6) 0.0
X(0,16,7) 0.0
X(0,16,8) 0.0
X(0,16,10) 0.0
X(0,16,12) 0.0
X(0,16,13) 0.0
X(0,16,14) 0.0
X(0,16,15) 0.0
X(0,16,17) 0.0
X(0,0,1) 0.0
X(0,16,18) 0.0
X(0,16,19) 0.0
X(0,16,20) 0.0
X(0,0,4) 0.0
X(0,16,21) 0.0
X(0,0,5) 0.0
X(0,0,6) 0.0
X(0,0,7) 0.0
X(0,0,8) 0.0
X(0,0,10) 0.0
X(0,0,12) 0.0
X(0,0,13) 0.0
X(0,0,14) 0.0
X(0,0,15) 0.0
X(0,0,16) 0.0
X(0,17,1) 0.0
X(0,0,17) 0.0
X(0,0,18) 0.0
X(0,17,4) 0.0
X(0,0,19) 0.0
X(0,17,5) 0.0
X(0,0,20) 0.0
X(0,17,6) 0.0
X(0,0,21) 0.0
X(0,17,7) 0.0
X(0,17,8) 0.0
X(0,17,10) 0.0
X(0,17,12) 0.0
X(0,17,13) 0.0
X(0,17,14) 0.0
X(0,17,15) 0.0
X(0,17,16) 0.0
X(0,17,18) 0.0
X(0,17,19) 0.0
X(0,17,20) 0.0
X(0,17,21) 0.0
X(0,18,1) 0.0
X(0,18,4) 0.0
X(0,18,5) 0.0
X(0,18,6) 0.0
X(0,18,7) 0.0
X(0,18,8) 0.0
X(0,18,10) 0.0
X(0,18,12) 0.0
X(0,18,13) 0.0
X(0,18,14) 0.0
X(0,18,15) 0.0
X(0,18,16) 0.0
X(1,18,17) 1.0
X(1,18,19) 0.0
X(1,2,3) 0.0
X(1,18,20) 0.0
X(1,2,4) 0.0
X(1,18,21) 0.0
X(1,2,5) 0.0
X(1,2,6) 1.0
X(1,2,7) 0.0
X(1,2,8) 0.0
X(1,2,10) 0.0
X(1,2,12) 0.0
X(1,2,13) 0.0
X(1,2,14) 0.0
X(1,2,15) 0.0
X(1,2,16) 0.0
X(1,2,17) 0.0
X(1,2,18) 0.0
X(1,19,3) 0.0
X(1,19,4) 0.0
X(1,2,19) 0.0
X(1,19,5) 0.0
X(1,2,20) 0.0
X(1,19,6) 0.0
X(1,2,21) 0.0
X(1,19,7) 0.0
X(1,19,8) 1.0
X(1,19,10) 0.0
X(1,19,12) 0.0
X(1,19,13) 0.0
X(1,19,14) 0.0
X(1,19,15) 0.0
X(1,19,16) 0.0
X(1,19,17) 0.0
X(1,19,18) 0.0
X(1,19,20) 0.0
X(1,19,21) 0.0
X(1,20,3) 0.0
X(1,20,4) 0.0
X(1,20,5) 0.0
X(1,20,6) 0.0
X(1,20,7) 0.0
X(1,20,8) 0.0
X(1,20,10) 0.0
X(1,20,12) 1.0
X(1,20,13) 0.0
X(1,20,14) 0.0
X(1,20,15) 0.0
X(1,20,16) 0.0
X(1,20,17) 0.0
X(1,20,18) 0.0
X(1,20,19) 0.0
X(1,4,3) 0.0
X(1,4,5) 0.0
X(1,20,21) 0.0
X(1,4,6) 0.0
X(1,4,7) 0.0
X(1,4,8) 0.0
X(1,4,10) 0.0
X(1,4,12) 0.0
X(1,4,13) 0.0
X(1,4,14) 0.0
X(1,4,15) 0.0
X(1,4,16) 0.0
X(1,4,17) 0.0
X(1,4,18) 0.0
X(1,21,3) 0.0
X(1,4,19) 0.0
X(1,21,4) 0.0
X(1,4,20) 0.0
X(1,21,5) 0.0
X(1,4,21) 0.0
X(1,21,6) 0.0
X(1,21,7) 1.0
X(1,21,8) 0.0
X(1,21,10) 0.0
X(1,21,12) 0.0
X(1,21,13) 0.0
X(1,21,14) 0.0
X(1,21,15) 0.0
X(1,21,16) 0.0
X(1,21,17) 0.0
X(1,21,18) 0.0
X(1,21,19) 0.0
X(1,5,3) 0.0
X(1,5,4) 0.0
X(1,21,20) 0.0
X(1,5,6) 0.0
X(1,5,7) 0.0
X(1,5,8) 0.0
X(1,5,10) 0.0
X(1,5,12) 0.0
X(1,5,13) 0.0
X(1,5,14) 0.0
X(1,5,15) 0.0
X(1,5,16) 0.0
X(1,5,17) 0.0
X(1,5,18) 0.0
X(1,5,19) 0.0
X(1,5,20) 0.0
X(1,5,21) 0.0
X(1,6,3) 0.0
X(1,6,4) 0.0
X(1,6,5) 0.0
X(1,6,7) 0.0
X(1,6,8) 0.0
X(1,6,10) 1.0
X(1,6,12) 0.0
X(1,6,13) 0.0
X(1,6,14) 0.0
X(1,6,15) 0.0
X(1,6,16) 0.0
X(1,6,17) 0.0
X(1,6,18) 0.0
X(1,6,19) 0.0
X(1,6,20) 0.0
X(1,6,21) 0.0
X(1,7,3) 1.0
X(1,7,4) 0.0
X(1,7,5) 0.0
X(1,7,6) 0.0
X(1,7,8) 0.0
X(1,7,10) 0.0
X(1,7,12) 0.0
X(1,7,13) 0.0
X(1,7,14) 0.0
X(1,7,15) 0.0
X(1,7,16) 0.0
X(1,7,17) 0.0
X(1,7,18) 0.0
X(1,7,19) 0.0
X(1,7,20) 0.0
X(1,7,21) 0.0
X(1,8,3) 0.0
X(1,8,4) 0.0
X(1,8,5) 0.0
X(1,8,6) 0.0
X(1,8,7) 0.0
X(1,8,10) 0.0
X(1,8,12) 0.0
X(1,8,13) 0.0
X(1,8,14) 0.0
X(1,8,15) 1.0
X(1,8,16) 0.0
X(1,8,17) 0.0
X(1,8,18) 0.0
X(1,8,19) 0.0
X(1,8,20) 0.0
X(1,8,21) 0.0
X(1,10,3) 0.0
X(1,10,4) 0.0
X(1,10,5) 0.0
X(1,10,6) 0.0
X(1,10,7) 0.0
X(1,10,8) 0.0
X(1,10,12) 0.0
X(1,10,13) 0.0
X(1,10,14) 0.0
X(1,10,15) 0.0
X(1,10,16) 1.0
X(1,10,17) 0.0
X(1,10,18) 0.0
X(1,10,19) 0.0
X(1,10,20) 0.0
X(1,10,21) 0.0
X(1,12,3) 0.0
X(1,12,4) 0.0
X(1,12,5) 0.0
X(1,12,6) 0.0
X(1,12,7) 0.0
X(1,12,8) 0.0
X(1,12,10) 0.0
X(1,12,13) 0.0
X(1,12,14) 0.0
X(1,12,15) 0.0
X(1,12,16) 0.0
X(1,12,17) 0.0
X(1,12,18) 0.0
X(1,12,19) 0.0
X(1,12,20) 0.0
X(1,12,21) 1.0
X(1,13,3) 0.0
X(1,13,4) 0.0
X(1,13,5) 0.0
X(1,13,6) 0.0
X(1,13,7) 0.0
X(1,13,8) 0.0
X(1,13,10) 0.0
X(1,13,12) 0.0
X(1,13,14) 0.0
X(1,13,15) 0.0
X(1,13,16) 0.0
X(1,13,17) 0.0
X(1,13,18) 0.0
X(1,13,19) 0.0
X(1,13,20) 1.0
X(1,13,21) 0.0
X(1,14,3) 0.0
X(1,14,4) 0.0
X(1,14,5) 0.0
X(1,14,6) 0.0
X(1,14,7) 0.0
X(1,14,8) 0.0
X(1,14,10) 0.0
X(1,14,12) 0.0
X(1,14,13) 0.0
X(1,14,15) 0.0
X(1,14,16) 0.0
X(1,14,17) 0.0
X(1,14,18) 1.0
X(1,14,19) 0.0
X(1,14,20) 0.0
X(1,14,21) 0.0
X(1,15,3) 0.0
X(1,15,4) 0.0
X(1,15,5) 0.0
X(1,15,6) 0.0
X(1,15,7) 0.0
X(1,15,8) 0.0
X(1,15,10) 0.0
X(1,15,12) 0.0
X(1,15,13) 1.0
X(1,15,14) 0.0
X(1,15,16) 0.0
X(1,15,17) 0.0
X(1,15,18) 0.0
X(1,15,19) 0.0
X(1,15,20) 0.0
X(1,15,21) 0.0
X(1,16,3) 0.0
X(1,16,4) 0.0
X(1,16,5) 0.0
X(1,16,6) 0.0
X(1,16,7) 0.0
X(1,16,8) 0.0
X(1,16,10) 0.0
X(1,16,12) 0.0
X(1,16,13) 0.0
X(1,16,14) 1.0
X(1,16,15) 0.0
X(1,16,17) 0.0
X(1,16,18) 0.0
X(1,16,19) 0.0
X(1,16,20) 0.0
X(1,16,21) 0.0
X(1,17,3) 0.0
X(1,17,4) 0.0
X(1,17,5) 0.0
X(1,17,6) 0.0
X(1,17,7) 0.0
X(1,17,8) 0.0
X(1,17,10) 0.0
X(1,17,12) 0.0
X(1,17,13) 0.0
X(1,17,14) 0.0
X(1,17,15) 0.0
X(1,17,16) 0.0
X(1,17,18) 0.0
X(1,17,19) 1.0
X(1,17,20) 0.0
X(1,17,21) 0.0
X(1,18,3) 0.0
X(1,18,4) 0.0
X(1,18,5) 0.0
X(1,18,6) 0.0
X(1,18,7) 0.0
X(1,18,8) 0.0
X(1,18,10) 0.0
X(1,18,12) 0.0
X(1,18,13) 0.0
X(1,18,14) 0.0
X(1,18,15) 0.0
X(1,18,16) 0.0
Obj: 149.0
