#nb trucks
2
#intermediate truck points
0 3 7 5 21 15 2 19 14 8 23 12 11 6 22 20 13 4 10 16 
#truck (depot,  terminus)
17 1
9 18
#nb trailers
2
#intermediate trailer points
21 15 2 19 14 8 23 12 11 6 22 20 13 4 10 16 
#trailer (depot,  terminus)
0 7
3 5
#nb containers(for export empty request): the emptyContainer must be pickup at each one
2
#intermediate Container points
14 8 23 12 11 6 22 20 13 4 10 16 
#Container (depot,  terminus)
21 2
15 19
#nb returned container depots (for import empty request): the emptyContainer must be delivery at each one
3
#return-depot container
14 8 23 
#export empty: [warehouse isBreakRomooc]
1
12 0
#import empty: [warehouse]
2
22 0
20 0
#export laden: [warehouse port isBreakRomooc]
2
11 4 0
6 10 0
#import laden: [port warehouse isBreakRomooc]
1
16 13 0
#nb Logical points
24
#time window: [pointId earliestArrivalTime latestArrivalTime servingTime]
0 0 1000000 0
1 0 1000000 0
2 0 1000000 0
3 0 1000000 0
4 0 137 2
5 0 1000000 0
6 2 100000 2
7 0 1000000 0
8 0 487 2
9 0 1000000 0
10 0 195 2
11 -49 100000 2
12 -27 155 2
13 440 622 2
14 0 345 2
15 -65 115 2
16 431 611 2
17 0 1000000 0
18 0 1000000 0
19 0 1000000 0
20 272 100000 2
21 0 1000000 0
22 144 100000 2
23 0 1000000 0
#travel distance(time) matrix:[from to travelTime]
552
0 1 17
0 2 35
0 3 36
0 4 9
0 5 36
0 6 29
0 7 38
0 8 30
0 9 31
0 10 34
0 11 11
0 12 13
0 13 3
0 14 10
0 15 11
0 16 3
0 17 37
0 18 17
0 19 40
0 20 28
0 21 38
0 22 29
0 23 37
1 0 31
1 2 14
1 3 12
1 4 9
1 5 38
1 6 21
1 7 4
1 8 8
1 9 20
1 10 30
1 11 5
1 12 23
1 13 3
1 14 32
1 15 33
1 16 2
1 17 6
1 18 9
1 19 11
1 20 27
1 21 9
1 22 10
1 23 29
2 0 33
2 1 41
2 3 9
2 4 35
2 5 3
2 6 37
2 7 31
2 8 21
2 9 15
2 10 27
2 11 23
2 12 3
2 13 36
2 14 24
2 15 23
2 16 24
2 17 32
2 18 15
2 19 31
2 20 9
2 21 23
2 22 35
2 23 19
3 0 23
3 1 17
3 2 40
3 4 30
3 5 7
3 6 22
3 7 11
3 8 13
3 9 27
3 10 32
3 11 25
3 12 29
3 13 2
3 14 13
3 15 5
3 16 26
3 17 10
3 18 40
3 19 19
3 20 37
3 21 38
3 22 11
3 23 26
4 0 16
4 1 2
4 2 27
4 3 7
4 5 33
4 6 3
4 7 32
4 8 4
4 9 26
4 10 20
4 11 24
4 12 31
4 13 17
4 14 27
4 15 15
4 16 38
4 17 9
4 18 10
4 19 20
4 20 25
4 21 3
4 22 17
4 23 3
5 0 24
5 1 10
5 2 16
5 3 34
5 4 3
5 6 2
5 7 10
5 8 35
5 9 33
5 10 36
5 11 22
5 12 21
5 13 7
5 14 25
5 15 7
5 16 15
5 17 18
5 18 32
5 19 27
5 20 34
5 21 32
5 22 6
5 23 25
6 0 26
6 1 41
6 2 17
6 3 27
6 4 9
6 5 27
6 7 41
6 8 3
6 9 16
6 10 11
6 11 28
6 12 18
6 13 27
6 14 39
6 15 12
6 16 36
6 17 23
6 18 23
6 19 6
6 20 39
6 21 18
6 22 37
6 23 2
7 0 25
7 1 39
7 2 18
7 3 2
7 4 33
7 5 5
7 6 39
7 8 25
7 9 30
7 10 35
7 11 37
7 12 18
7 13 13
7 14 3
7 15 28
7 16 34
7 17 38
7 18 40
7 19 8
7 20 3
7 21 13
7 22 21
7 23 10
8 0 30
8 1 14
8 2 35
8 3 19
8 4 27
8 5 9
8 6 14
8 7 11
8 9 24
8 10 30
8 11 21
8 12 39
8 13 28
8 14 10
8 15 36
8 16 32
8 17 31
8 18 23
8 19 32
8 20 16
8 21 16
8 22 41
8 23 6
9 0 8
9 1 10
9 2 21
9 3 8
9 4 13
9 5 36
9 6 36
9 7 21
9 8 2
9 10 36
9 11 21
9 12 20
9 13 22
9 14 7
9 15 25
9 16 13
9 17 29
9 18 31
9 19 40
9 20 28
9 21 29
9 22 41
9 23 17
10 0 10
10 1 31
10 2 26
10 3 38
10 4 34
10 5 13
10 6 39
10 7 22
10 8 21
10 9 27
10 11 29
10 12 12
10 13 3
10 14 14
10 15 19
10 16 36
10 17 31
10 18 41
10 19 18
10 20 30
10 21 5
10 22 38
10 23 13
11 0 11
11 1 34
11 2 17
11 3 3
11 4 4
11 5 32
11 6 32
11 7 7
11 8 27
11 9 5
11 10 7
11 12 24
11 13 41
11 14 23
11 15 33
11 16 34
11 17 38
11 18 38
11 19 8
11 20 40
11 21 38
11 22 38
11 23 29
12 0 35
12 1 41
12 2 39
12 3 11
12 4 20
12 5 19
12 6 2
12 7 14
12 8 10
12 9 26
12 10 27
12 11 33
12 13 25
12 14 23
12 15 38
12 16 29
12 17 7
12 18 19
12 19 39
12 20 13
12 21 36
12 22 10
12 23 18
13 0 30
13 1 37
13 2 13
13 3 19
13 4 13
13 5 5
13 6 41
13 7 28
13 8 24
13 9 9
13 10 29
13 11 25
13 12 30
13 14 14
13 15 18
13 16 8
13 17 34
13 18 26
13 19 11
13 20 34
13 21 10
13 22 11
13 23 27
14 0 9
14 1 39
14 2 24
14 3 29
14 4 22
14 5 37
14 6 2
14 7 39
14 8 16
14 9 10
14 10 6
14 11 8
14 12 10
14 13 12
14 15 18
14 16 16
14 17 17
14 18 18
14 19 17
14 20 15
14 21 32
14 22 4
14 23 29
15 0 37
15 1 3
15 2 39
15 3 24
15 4 25
15 5 29
15 6 32
15 7 7
15 8 37
15 9 38
15 10 2
15 11 36
15 12 38
15 13 36
15 14 19
15 16 38
15 17 34
15 18 20
15 19 16
15 20 7
15 21 34
15 22 37
15 23 41
16 0 2
16 1 23
16 2 26
16 3 40
16 4 14
16 5 25
16 6 26
16 7 10
16 8 36
16 9 2
16 10 30
16 11 8
16 12 17
16 13 9
16 14 22
16 15 39
16 17 16
16 18 18
16 19 8
16 20 27
16 21 8
16 22 18
16 23 6
17 0 11
17 1 20
17 2 33
17 3 26
17 4 5
17 5 21
17 6 8
17 7 41
17 8 34
17 9 41
17 10 26
17 11 10
17 12 4
17 13 13
17 14 15
17 15 26
17 16 12
17 18 7
17 19 27
17 20 29
17 21 33
17 22 41
17 23 6
18 0 26
18 1 10
18 2 2
18 3 20
18 4 27
18 5 5
18 6 7
18 7 4
18 8 40
18 9 24
18 10 17
18 11 14
18 12 31
18 13 4
18 14 35
18 15 30
18 16 18
18 17 25
18 19 3
18 20 21
18 21 14
18 22 4
18 23 26
19 0 38
19 1 11
19 2 14
19 3 34
19 4 30
19 5 20
19 6 14
19 7 27
19 8 21
19 9 29
19 10 7
19 11 41
19 12 33
19 13 28
19 14 36
19 15 30
19 16 33
19 17 6
19 18 39
19 20 24
19 21 7
19 22 31
19 23 41
20 0 6
20 1 7
20 2 20
20 3 35
20 4 4
20 5 4
20 6 17
20 7 4
20 8 33
20 9 34
20 10 18
20 11 11
20 12 17
20 13 14
20 14 24
20 15 36
20 16 12
20 17 9
20 18 19
20 19 8
20 21 34
20 22 3
20 23 14
21 0 4
21 1 41
21 2 29
21 3 12
21 4 12
21 5 28
21 6 23
21 7 36
21 8 16
21 9 18
21 10 23
21 11 35
21 12 20
21 13 9
21 14 11
21 15 31
21 16 14
21 17 5
21 18 6
21 19 36
21 20 33
21 22 32
21 23 14
22 0 21
22 1 6
22 2 7
22 3 39
22 4 32
22 5 34
22 6 31
22 7 16
22 8 6
22 9 10
22 10 3
22 11 26
22 12 37
22 13 18
22 14 19
22 15 9
22 16 12
22 17 14
22 18 2
22 19 3
22 20 19
22 21 40
22 23 28
23 0 30
23 1 13
23 2 8
23 3 2
23 4 22
23 5 27
23 6 18
23 7 20
23 8 4
23 9 22
23 10 16
23 11 17
23 12 26
23 13 24
23 14 24
23 15 14
23 16 2
23 17 39
23 18 41
23 19 41
23 20 31
23 21 23
23 22 7
