#nb trucks
2
#intermediate truck points
2 15 0 18 17 11 20 14 13 16 1 4 26 6 24 12 22 5 10 19 21 8 23 
#truck (depot,  terminus)
25 3
9 7
#nb trailers
2
#intermediate trailer points
17 11 20 14 13 16 1 4 26 6 24 12 22 5 10 19 21 8 23 
#trailer (depot,  terminus)
2 0
15 18
#nb containers(for export empty request): the emptyContainer must be pickup at each one
2
#intermediate Container points
13 16 1 4 26 6 24 12 22 5 10 19 21 8 23 
#Container (depot,  terminus)
17 20
11 14
#nb returned container depots (for import empty request): the emptyContainer must be delivery at each one
3
#return-depot container
13 16 1 
#export empty: [warehouse isBreakRomooc]
2
4 0
26 0
#import empty: [warehouse]
2
12 0
22 0
#export laden: [warehouse port isBreakRomooc]
2
6 19 0
24 21 0
#import laden: [port warehouse isBreakRomooc]
2
8 5 0
23 10 0
#nb Logical points
27
#time window: [pointId earliestArrivalTime latestArrivalTime servingTime]
0 0 1000000 0
1 0 1000000 0
2 0 1000000 0
3 0 1000000 0
4 -38 144 2
5 370 552 2
6 53 100000 2
7 0 1000000 0
8 337 517 2
9 0 1000000 0
10 500 682 2
11 -7 173 2
12 -65 100000 2
13 0 126 2
14 0 1000000 0
15 0 1000000 0
16 0 263 2
17 -61 119 2
18 0 1000000 0
19 0 254 2
20 0 1000000 0
21 0 391 2
22 53 100000 2
23 498 678 2
24 169 100000 2
25 0 1000000 0
26 10 192 2
#travel distance(time) matrix:[from to travelTime]
702
0 1 30
0 2 33
0 3 32
0 4 10
0 5 39
0 6 18
0 7 25
0 8 8
0 9 31
0 10 28
0 11 18
0 12 37
0 13 30
0 14 38
0 15 25
0 16 2
0 17 4
0 18 11
0 19 17
0 20 24
0 21 26
0 22 34
0 23 7
0 24 14
0 25 19
0 26 19
1 0 28
1 2 10
1 3 5
1 4 25
1 5 6
1 6 40
1 7 12
1 8 14
1 9 22
1 10 29
1 11 5
1 12 15
1 13 38
1 14 38
1 15 31
1 16 38
1 17 20
1 18 2
1 19 29
1 20 14
1 21 31
1 22 40
1 23 24
1 24 38
1 25 27
1 26 14
2 0 26
2 1 21
2 3 15
2 4 16
2 5 38
2 6 6
2 7 3
2 8 33
2 9 35
2 10 40
2 11 6
2 12 25
2 13 23
2 14 29
2 15 14
2 16 4
2 17 24
2 18 29
2 19 33
2 20 34
2 21 22
2 22 30
2 23 8
2 24 32
2 25 4
2 26 26
3 0 4
3 1 34
3 2 29
3 4 14
3 5 8
3 6 11
3 7 35
3 8 2
3 9 38
3 10 3
3 11 26
3 12 33
3 13 14
3 14 35
3 15 28
3 16 23
3 17 32
3 18 24
3 19 37
3 20 34
3 21 2
3 22 26
3 23 23
3 24 6
3 25 14
3 26 32
4 0 40
4 1 25
4 2 27
4 3 26
4 5 15
4 6 16
4 7 20
4 8 19
4 9 21
4 10 28
4 11 29
4 12 41
4 13 32
4 14 29
4 15 33
4 16 17
4 17 35
4 18 9
4 19 9
4 20 20
4 21 17
4 22 8
4 23 15
4 24 40
4 25 33
4 26 7
5 0 16
5 1 28
5 2 19
5 3 16
5 4 24
5 6 13
5 7 9
5 8 10
5 9 24
5 10 38
5 11 25
5 12 26
5 13 26
5 14 31
5 15 6
5 16 38
5 17 29
5 18 36
5 19 38
5 20 2
5 21 4
5 22 24
5 23 22
5 24 17
5 25 24
5 26 39
6 0 25
6 1 33
6 2 38
6 3 29
6 4 8
6 5 35
6 7 36
6 8 38
6 9 3
6 10 13
6 11 28
6 12 27
6 13 29
6 14 6
6 15 3
6 16 21
6 17 38
6 18 14
6 19 19
6 20 2
6 21 3
6 22 23
6 23 12
6 24 33
6 25 32
6 26 28
7 0 10
7 1 27
7 2 29
7 3 5
7 4 8
7 5 16
7 6 6
7 8 12
7 9 10
7 10 27
7 11 4
7 12 39
7 13 24
7 14 4
7 15 41
7 16 34
7 17 22
7 18 16
7 19 17
7 20 16
7 21 24
7 22 22
7 23 19
7 24 38
7 25 19
7 26 16
8 0 23
8 1 12
8 2 39
8 3 12
8 4 10
8 5 33
8 6 41
8 7 6
8 9 21
8 10 26
8 11 28
8 12 13
8 13 12
8 14 14
8 15 15
8 16 23
8 17 10
8 18 17
8 19 18
8 20 17
8 21 17
8 22 35
8 23 34
8 24 22
8 25 7
8 26 12
9 0 4
9 1 27
9 2 28
9 3 15
9 4 30
9 5 5
9 6 32
9 7 40
9 8 17
9 10 16
9 11 41
9 12 27
9 13 35
9 14 38
9 15 2
9 16 11
9 17 24
9 18 8
9 19 24
9 20 27
9 21 9
9 22 11
9 23 30
9 24 28
9 25 5
9 26 18
10 0 32
10 1 36
10 2 11
10 3 27
10 4 4
10 5 39
10 6 26
10 7 41
10 8 20
10 9 5
10 11 32
10 12 6
10 13 24
10 14 32
10 15 30
10 16 11
10 17 9
10 18 32
10 19 28
10 20 21
10 21 41
10 22 12
10 23 41
10 24 21
10 25 21
10 26 31
11 0 35
11 1 21
11 2 4
11 3 29
11 4 5
11 5 18
11 6 17
11 7 33
11 8 31
11 9 2
11 10 28
11 12 37
11 13 14
11 14 3
11 15 24
11 16 20
11 17 28
11 18 6
11 19 21
11 20 7
11 21 18
11 22 6
11 23 5
11 24 10
11 25 26
11 26 17
12 0 20
12 1 26
12 2 34
12 3 18
12 4 32
12 5 14
12 6 10
12 7 24
12 8 24
12 9 23
12 10 31
12 11 6
12 13 9
12 14 14
12 15 32
12 16 8
12 17 20
12 18 8
12 19 13
12 20 15
12 21 11
12 22 40
12 23 23
12 24 41
12 25 10
12 26 33
13 0 10
13 1 40
13 2 18
13 3 30
13 4 24
13 5 37
13 6 8
13 7 41
13 8 39
13 9 41
13 10 37
13 11 36
13 12 2
13 14 16
13 15 23
13 16 23
13 17 14
13 18 18
13 19 28
13 20 38
13 21 34
13 22 15
13 23 30
13 24 22
13 25 26
13 26 38
14 0 34
14 1 29
14 2 13
14 3 35
14 4 19
14 5 35
14 6 33
14 7 35
14 8 3
14 9 16
14 10 9
14 11 29
14 12 34
14 13 19
14 15 29
14 16 30
14 17 15
14 18 13
14 19 15
14 20 25
14 21 19
14 22 32
14 23 22
14 24 41
14 25 5
14 26 39
15 0 19
15 1 37
15 2 24
15 3 19
15 4 33
15 5 15
15 6 16
15 7 38
15 8 10
15 9 8
15 10 27
15 11 24
15 12 20
15 13 20
15 14 29
15 16 36
15 17 34
15 18 37
15 19 20
15 20 7
15 21 30
15 22 31
15 23 2
15 24 12
15 25 21
15 26 7
16 0 41
16 1 6
16 2 35
16 3 40
16 4 33
16 5 11
16 6 29
16 7 12
16 8 28
16 9 26
16 10 38
16 11 20
16 12 34
16 13 17
16 14 9
16 15 28
16 17 16
16 18 29
16 19 5
16 20 22
16 21 20
16 22 6
16 23 22
16 24 17
16 25 20
16 26 30
17 0 32
17 1 38
17 2 4
17 3 15
17 4 23
17 5 22
17 6 5
17 7 22
17 8 34
17 9 35
17 10 19
17 11 16
17 12 14
17 13 2
17 14 7
17 15 39
17 16 38
17 18 2
17 19 11
17 20 8
17 21 39
17 22 36
17 23 13
17 24 13
17 25 10
17 26 14
18 0 34
18 1 2
18 2 11
18 3 38
18 4 28
18 5 14
18 6 39
18 7 39
18 8 38
18 9 40
18 10 10
18 11 35
18 12 20
18 13 3
18 14 6
18 15 6
18 16 15
18 17 32
18 19 39
18 20 26
18 21 6
18 22 23
18 23 4
18 24 20
18 25 8
18 26 17
19 0 8
19 1 19
19 2 6
19 3 20
19 4 38
19 5 32
19 6 30
19 7 20
19 8 35
19 9 6
19 10 26
19 11 11
19 12 5
19 13 7
19 14 22
19 15 5
19 16 10
19 17 41
19 18 32
19 20 2
19 21 35
19 22 20
19 23 35
19 24 32
19 25 23
19 26 40
20 0 27
20 1 13
20 2 36
20 3 23
20 4 13
20 5 6
20 6 16
20 7 20
20 8 15
20 9 15
20 10 14
20 11 39
20 12 18
20 13 8
20 14 19
20 15 7
20 16 24
20 17 7
20 18 8
20 19 2
20 21 40
20 22 16
20 23 19
20 24 4
20 25 39
20 26 30
21 0 30
21 1 17
21 2 8
21 3 12
21 4 25
21 5 17
21 6 12
21 7 21
21 8 2
21 9 23
21 10 37
21 11 28
21 12 35
21 13 13
21 14 36
21 15 41
21 16 4
21 17 32
21 18 2
21 19 33
21 20 15
21 22 20
21 23 12
21 24 9
21 25 35
21 26 4
22 0 23
22 1 6
22 2 40
22 3 40
22 4 19
22 5 11
22 6 26
22 7 35
22 8 37
22 9 40
22 10 24
22 11 7
22 12 12
22 13 36
22 14 35
22 15 8
22 16 28
22 17 15
22 18 20
22 19 34
22 20 25
22 21 15
22 23 6
22 24 23
22 25 11
22 26 5
23 0 35
23 1 33
23 2 40
23 3 18
23 4 3
23 5 24
23 6 16
23 7 27
23 8 22
23 9 33
23 10 2
23 11 6
23 12 19
23 13 20
23 14 27
23 15 8
23 16 25
23 17 16
23 18 6
23 19 37
23 20 26
23 21 21
23 22 31
23 24 27
23 25 32
23 26 21
24 0 34
24 1 36
24 2 15
24 3 23
24 4 25
24 5 30
24 6 19
24 7 34
24 8 34
24 9 32
24 10 26
24 11 3
24 12 30
24 13 3
24 14 25
24 15 35
24 16 22
24 17 11
24 18 29
24 19 40
24 20 25
24 21 40
24 22 24
24 23 15
24 25 16
24 26 5
25 0 12
25 1 18
25 2 2
25 3 20
25 4 19
25 5 3
25 6 27
25 7 12
25 8 36
25 9 5
25 10 39
25 11 41
25 12 2
25 13 27
25 14 29
25 15 39
25 16 6
25 17 17
25 18 14
25 19 18
25 20 5
25 21 19
25 22 37
25 23 36
25 24 13
25 26 13
26 0 40
26 1 36
26 2 25
26 3 39
26 4 29
26 5 31
26 6 11
26 7 13
26 8 8
26 9 6
26 10 41
26 11 17
26 12 40
26 13 36
26 14 24
26 15 37
26 16 18
26 17 26
26 18 37
26 19 41
26 20 12
26 21 33
26 22 3
26 23 29
26 24 20
26 25 4
