822 100
151426 0 2846 37.78176 -122.4097 144 82762 300 2151 37.7669 -122.41062 144 82800 300
209064 1 77416 37.79083 -122.39715 145 1045 300 57266 37.80048 -122.41038 145 2876 300
142931 0 100509 37.77731 -122.41653 232 82769 300 12764 37.78728 -122.40187 232 82800 300
92247 1 14069 37.78843 -122.40358 236 1136 300 6783 37.80025 -122.41083 236 2963 300
311965 0 129904 37.791075 -122.39930000000001 361 82700 300 35997 37.78094 -122.46428 361 82800 300
169865 1 11843 37.79586 -122.40049 367 1267 300 130752 37.787365 -122.40824 367 3092 300
309835 0 109467 37.61698 -122.38773 474 82387 300 12310 37.79249 -122.44133 474 82800 300
205728 1 98640 37.78582 -122.40625 479 1379 300 7655 37.7806 -122.39054 479 3212 300
90176 0 130536 37.795705 -122.41834 622 82742 300 105055 37.78193 -122.39198 622 82800 300
119941 1 109465 37.61622 -122.38824 626 1526 300 6722 37.78742 -122.40994 626 3690 300
82513 0 2152 37.7656 -122.41049 727 82766 300 8376 37.75462 -122.40062 727 82800 300
625 1 10350 37.78776 -122.40504 728 1628 300 2787 37.76124 -122.39737 728 3495 300
47730 0 5549 37.79398 -122.40131 846 82747 300 7681 37.80144 -122.43131 846 82800 300
67151 1 10161 37.77211 -122.43045 861 1761 300 8307 37.79056 -122.4056 861 3617 300
4325 0 4744 37.78796 -122.41848 1020 82434 300 62096 37.61493 -122.38635 1020 82800 300
261857 1 3386 37.75048 -122.43403 1021 1921 300 5915 37.75671 -122.44394 1021 3749 300
225887 0 104753 37.80845 -122.41083 1138 82755 300 7962 37.78529 -122.40523 1138 82800 300
200789 1 4250 37.78703 -122.40301 1141 2041 300 5206 37.79976 -122.40417 1141 3868 300
288077 0 10098 37.7924 -122.39858 1252 82771 300 6784 37.80014 -122.41165 1252 82800 300
247766 1 128894 37.76305 -122.459805 1254 2154 300 8235 37.75937 -122.42136 1254 4023 300
155875 0 1076 37.78901 -122.40528 1396 82762 300 5571 37.79087 -122.4258 1396 82800 300
116398 1 100427 37.78674 -122.4046 1402 2302 300 107162 37.7821 -122.39338 1402 4128 300
11472 0 103929 37.78462 -122.40742 1518 82763 300 129571 37.79616 -122.418455 1518 82800 300
203452 1 14797 37.79168 -122.40424 1528 2428 300 11711 37.7878 -122.42349 1528 4260 300
162721 0 8063 37.77086 -122.42513 1632 82782 300 6156 37.76853 -122.41563 1632 82800 300
140835 1 95434 37.78601 -122.41133 1640 2540 300 48309 37.80903 -122.41804 1640 4386 300
204279 0 3121 37.79225 -122.40753 1752 82751 300 11869 37.78732 -122.43858 1752 82800 300
230365 1 47606 37.80643 -122.43131 1765 2665 300 15531 37.77884 -122.41505 1765 4540 300
301349 0 4238 37.78175 -122.3964 1890 82714 300 4382 37.79141 -122.44282 1890 82800 300
105712 1 8302 37.7908 -122.40368 1898 2798 300 4233 37.77752 -122.39112 1898 4636 300
197292 0 6721 37.7912 -122.40806 1992 82415 300 109469 37.61775 -122.38714 1992 82800 300
200790 1 129004 37.808425 -122.410585 1993 2893 300 82125 37.61465 -122.39396 1993 5099 300
83190 0 2412 37.79273 -122.40383 2089 82778 300 12978 37.79652 -122.41346 2089 82800 300
312853 1 104775 37.79799 -122.39623 2092 2992 300 45610 37.80805 -122.40984 2092 4821 300
177459 0 130823 37.79351749999999 -122.39761 2210 82751 300 7349 37.77437 -122.40154 2210 82800 300
232663 1 3620 37.80686 -122.4189 2212 3112 300 88270 37.78782 -122.40832 2212 4953 300
112463 0 17171 37.77303 -122.43065 2298 82721 300 11304 37.80571 -122.42037 2298 82800 300
170783 1 62220 37.61514 -122.38516 2301 3201 300 64492 37.54576 -122.32002 2301 5216 300
203453 0 130530 37.78922 -122.408615 2391 82757 300 87409 37.77176 -122.41416 2391 82800 300
7634 1 4739 37.78892 -122.41096 2393 3293 300 4963 37.77455 -122.42251 2393 5135 300
318266 0 10355 37.79149 -122.40574 2496 82779 300 5460 37.78328 -122.40719 2496 82800 300
316478 1 114707 37.7489 -122.42036 2500 3400 300 13666 37.71504 -122.43233 2500 5274 300
25110 0 5547 37.79427 -122.39896 2603 82756 300 11509 37.7771 -122.39499 2603 82800 300
338507 1 8313 37.78954 -122.41374 2626 3526 300 7684 37.80068 -122.4373 2626 5386 300
214223 0 3134 37.78953 -122.4289 2736 82749 300 8238 37.76491 -122.42188 2736 82800 300
75354 1 51784 37.79119 -122.40816 2743 3643 300 11073 37.77117 -122.43026 2743 5502 300
98432 0 7098 37.78578 -122.42814 2855 82776 300 10458 37.77595 -122.42279 2855 82800 300
338146 1 58696 37.77262 -122.40376 2858 3758 300 4483 37.7569 -122.42111 2858 5607 300
58184 0 87661 37.78849 -122.40677 2980 82776 300 85098 37.7954 -122.39864 2980 82800 300
131676 1 10474 37.79531 -122.4267 2981 3881 300 43788 37.76781 -122.41071 2981 5744 300
54692 0 4738 37.78901 -122.41025 3094 82759 300 2657 37.79288 -122.43126 3094 82800 300
316036 1 72477 37.75431 -122.41389 3098 3998 300 12729 37.78377 -122.41761 3098 5860 300
268898 0 16304 37.78351 -122.41588 3193 82765 300 2860 37.77362 -122.39941 3193 82800 300
262600 1 6362 37.77541 -122.41939 3200 4100 300 124691 37.76523 -122.41531 3200 5922 300
120576 0 5805 37.79115 -122.39581 3282 82713 300 2822 37.75929 -122.43487 3282 82800 300
112464 1 11303 37.80592 -122.41874 3284 4184 300 130810 37.792535 -122.397525 3284 6029 300
100773 0 62102 37.61563 -122.38461 3399 82419 300 129689 37.78538 -122.42883 3399 82800 300
145365 1 100472 37.7873 -122.40335 3403 4303 300 7090 37.78745 -122.41499 3403 6123 300
108458 0 18431 37.79485 -122.40487 3507 82765 300 11305 37.80549 -122.422 3507 82800 300
237809 1 87663 37.78869 -122.40522 3508 4408 300 68840 37.80516 -122.4473 3508 6293 300
206338 0 6721 37.7912 -122.40806 3577 82751 300 611 37.77483 -122.40544 3577 82800 300
179535 1 125121 37.798105 -122.405505 3578 4478 300 16907 37.79046 -122.39668 3578 6304 300
188326 0 45427 37.77602 -122.38763 3683 82736 300 10367 37.80286 -122.40804 3683 82800 300
239733 1 1432 37.77622 -122.44313 3689 4589 300 11448 37.75396 -122.41643 3689 6466 300
49296 0 112066 37.7925 -122.4263 3770 82754 300 7962 37.78529 -122.40523 3770 82800 300
273182 1 17063 37.79872 -122.44517 3775 4675 300 5470 37.79384 -122.39888 3775 6555 300
168629 0 87994 37.6149 -122.38414 3873 82607 300 20458 37.56306 -122.32592 3873 82800 300
266768 1 11450 37.77366 -122.41887 3877 4777 300 1841 37.74956 -122.43613 3877 6638 300
17726 0 11199 37.80675 -122.41214 4011 82753 300 95434 37.78601 -122.41133 4011 82800 300
29627 1 129765 37.7916225 -122.41245 4017 4917 300 37005 37.77797 -122.39169 4017 6766 300
119243 0 8311 37.78995 -122.41044 4143 82759 300 48295 37.80828 -122.40928 4143 82800 300
194584 1 10098 37.7924 -122.39858 4147 5047 300 11814 37.78544 -122.44937 4147 6925 300
42160 0 112165 37.7624 -122.43523 4251 82717 300 34592 37.7799 -122.38927 4251 82800 300
65927 1 4795 37.77305 -122.40322 4253 5153 300 11965 37.79301 -122.41611 4253 6998 300
179536 0 7644 37.788 -122.3998 4356 82755 300 100495 37.77352 -122.42121 4356 82800 300
204281 1 3120 37.79245 -122.40594 4361 5261 300 10283 37.76225 -122.40327 4361 7133 300
227243 0 4598 37.78943 -122.40313 4478 82756 300 51755 37.78543 -122.43007 4478 82800 300
273729 1 128753 37.7864225 -122.40805 4479 5379 300 17173 37.78142 -122.43232 4479 7220 300
301350 0 12092 37.79372 -122.42468 4565 82762 300 7688 37.80019 -122.44118 4565 82800 300
131678 1 8232 37.7561 -122.42104 4568 5468 300 13571 37.75281 -122.44225 4568 7306 300
9127 0 4738 37.78901 -122.41025 4656 82771 300 18061 37.80001 -122.40911 4656 82800 300
21658 1 36049 37.76441 -122.49975 4657 5557 300 78844 37.728 -122.47637 4657 7455 300
2679 0 3139 37.78848 -122.43712 4782 82762 300 18497 37.79852 -122.45021 4782 82800 300
221430 1 3125 37.79179 -122.4111 4783 5683 300 6796 37.79813 -122.42727 4783 7520 300
28275 0 109892 37.76942 -122.41182 4895 82707 300 12882 37.72855 -122.39862 4895 82800 300
66436 1 12617 37.77476 -122.47683 4897 5797 300 45608 37.77325 -122.42225 4897 7685 300
310282 0 14799 37.7913 -122.40734 4964 82774 300 100418 37.79331 -122.39334 4964 82800 300
293009 1 42999 37.78512 -122.40351 4966 5866 300 100418 37.79331 -122.39334 4966 7688 300
93658 0 126828 37.788915 -122.40206 5081 82776 300 65754 37.79835 -122.40714 5081 82800 300
250495 1 8319 37.78846 -122.42202 5084 5984 300 1823 37.75077 -122.41612 5084 7855 300
315380 0 5426 37.78087 -122.40572 5187 82746 300 7101 37.78494 -122.43473 5187 82800 300
95000 1 126752 37.775295 -122.39508000000001 5200 6100 300 82166 37.61614 -122.39095 5200 8241 300
288827 0 7100 37.78514 -122.43308 5292 82755 300 85037 37.78899 -122.40284 5292 82800 300
139473 1 5839 37.7786 -122.47495 5302 6202 300 95437 37.7858 -122.41297 5302 8097 300
7636 0 4599 37.78934 -122.40377 5404 82774 300 3781 37.78545 -122.41567 5404 82800 300
78248 1 7348 37.77657 -122.39876 5405 6305 300 2807 37.76043 -122.41595 5405 8150 300
188327 0 112070 37.80731 -122.42069 5491 82747 300 4249 37.78667 -122.40257 5491 82800 300
245154 1 103607 37.77726 -122.39519 5492 6392 300 8216 37.78935 -122.39704 5492 8227 300
237107 0 10050 37.79326 -122.42122 5590 82698 300 117794 37.74365 -122.42889 5590 82800 300
225242 1 11305 37.80549 -122.422 5604 6504 300 4789 37.77878 -122.4104 5604 8368 300
9717 0 3124 37.79183 -122.41081 5686 82735 300 7689 37.79998 -122.44284 5686 82800 300
85939 1 3127 37.7912 -122.41576 5691 6591 300 85419 37.79928 -122.4257 5691 8421 300
171867 0 9368 37.79634 -122.39697 5785 82773 300 3125 37.79179 -122.4111 5785 82800 300
61200 1 4246 37.78558 -122.4012 5791 6691 300 125121 37.798105 -122.405505 5791 8522 300
95641 0 11440 37.7861 -122.41809 5874 82777 300 127605 37.784549999999996 -122.40846 5874 82800 300
268900 1 1413 37.7917 -122.40634 5876 6776 300 15632 37.8005 -122.43949 5876 8642 300
331791 0 101599 37.78079 -122.41691 5993 82772 300 10050 37.79326 -122.42122 5993 82800 300
7637 1 7882 37.7859 -122.41214 5994 6894 300 2860 37.77362 -122.39941 5994 8729 300
5539 0 107193 37.76873 -122.42907 6110 82769 300 86211 37.78083 -122.42197 6110 82800 300
628 1 3866 37.76617 -122.45459 6111 7011 300 10456 37.77361 -122.42232 6111 8864 300
122305 0 513 37.78902 -122.41773 6191 82742 300 51788 37.77282 -122.39139 6191 82800 300
221432 1 5549 37.79398 -122.40131 6194 7094 300 2640 37.77531 -122.42772 6194 8954 300
250496 0 16865 37.7726 -122.4188 6294 82772 300 10043 37.78589 -122.41975 6294 82800 300
333670 1 85368 37.80018 -122.43444 6298 7198 300 129879 37.79017 -122.4088 6298 9055 300
290039 0 48538 37.76821 -122.42877 6424 82772 300 7919 37.75329 -122.4276 6424 82800 300
134387 1 3118 37.79265 -122.40443 6428 7328 300 127196 37.806385 -122.404775 6428 9160 300
153990 0 11307 37.80361 -122.43681 6513 82749 300 5346 37.80379 -122.46872 6513 82800 300
2376 1 8870 37.78194 -122.48595 6517 7417 300 4963 37.77455 -122.42251 6517 9328 300
26645 0 5547 37.79427 -122.39896 6618 82760 300 3131 37.79016 -122.42397 6618 82800 300
290731 1 8083 37.78765 -122.42852 6619 7519 300 129879 37.79017 -122.4088 6619 9349 300
225892 0 87625 37.77893 -122.39267 6683 82764 300 11435 37.78694 -122.41151 6683 82800 300
95643 1 5197 37.79506 -122.40322 6685 7585 300 36316 37.78899 -122.44066 6685 9444 300
135270 0 9434 37.76183 -122.41938 6785 82718 300 37446 37.80509 -122.42519 6785 82800 300
136830 1 5568 37.79149 -122.42088 6787 7687 300 7267 37.77929 -122.39532 6787 9543 300
162725 0 4771 37.75322 -122.42869 6850 82749 300 42317 37.77355 -122.41892 6850 82800 300
57430 1 3616 37.8077 -122.41234 6854 7754 300 85379 37.8003 -122.43288 6854 9595 300
160434 0 85368 37.80018 -122.43444 6956 82737 300 5546 37.79442 -122.39779 6956 82800 300
306105 1 7881 37.78621 -122.4097 6960 7860 300 44666 37.77894 -122.41496 6960 9679 300
5540 0 128275 37.7838381640625 -122.434693359375 7047 82724 300 10663 37.78208 -122.48271 7047 82800 300
141548 1 10094 37.79872 -122.39987 7049 7949 300 85375 37.79981 -122.43596 7049 9807 300
314539 0 9903 37.78528 -122.40951 7139 82731 300 85477 37.79978 -122.43772 7139 82800 300
236044 1 91535 37.76467 -122.41973 7140 8040 300 9553 37.77583 -122.43119 7140 9877 300
179539 0 100325 37.76797 -122.429 7235 82755 300 8847 37.7523 -122.41737 7235 82800 300
268224 1 14804 37.79004 -122.4172 7236 8136 300 130333 37.78756 -122.40813 7236 9956 300
27902 0 7859 37.75263 -122.41187 7319 82644 300 1725 37.75301 -122.50432 7319 82800 300
98437 1 3617 37.80749 -122.41397 7322 8222 300 11953 37.79434 -122.40566 7322 10055 300
14121 0 91524 37.78858 -122.40242 7394 82751 300 7140 37.76987 -122.42236 7394 82800 300
45896 1 100488 37.79344 -122.39617 7395 8295 300 11509 37.7771 -122.39499 7395 10137 300
327662 0 11509 37.7771 -122.39499 7527 82731 300 11428 37.79599 -122.42163 7527 82800 300
96196 1 5805 37.79115 -122.39581 7534 8434 300 62244 37.61585 -122.38791 7534 10621 300
181786 0 71756 37.77229 -122.40111 7600 82740 300 11420 37.79762 -122.40862 7600 82800 300
103965 1 15618 37.79508 -122.40701 7601 8501 300 104030 37.74299 -122.42661 7601 10414 300
13560 0 9488 37.77534 -122.39722 7678 82741 300 1423 37.77792 -122.42977 7678 82800 300
20896 1 9479 37.78272 -122.40649 7681 8581 300 14804 37.79004 -122.4172 7681 10409 300
233476 0 11752 37.8031 -122.40317 7779 82763 300 95432 37.79458 -122.41795 7779 82800 300
76723 1 88244 37.78771 -122.40683 7780 8680 300 9557 37.775 -122.43776 7780 10538 300
83965 0 4235 37.78009 -122.39431 7903 82770 300 42277 37.78458 -122.40746 7903 82800 300
238486 1 121556 37.79099 -122.41064 7907 8807 300 14491 37.79284 -122.42451 7907 10634 300
19400 0 47591 37.80541 -122.43349 8003 82733 300 125744 37.794987500000005 -122.39689000000001 8003 82800 300
50288 1 11699 37.76606 -122.42992 8004 8904 300 9557 37.775 -122.43776 8004 10731 300
231171 0 4740 37.7888 -122.41188 8080 82775 300 44666 37.77894 -122.41496 8080 82800 300
250498 1 109721 37.77467 -122.40525 8081 8981 300 35759 37.78756 -122.42168 8081 10822 300
136831 0 100623 37.7718 -122.38968 8159 82706 300 10171 37.76979 -122.44859 8159 82800 300
235350 1 83478 37.77351 -122.44104 8162 9062 300 8229 37.75211 -122.42066 8162 10929 300
262603 0 95541 37.80329 -122.41471 8282 82729 300 93921 37.80301 -122.45877 8282 82800 300
187652 1 4677 37.8009 -122.44303 8283 9183 300 104298 37.76284 -122.43521 8283 11055 300
5541 0 7106 37.78389 -122.443 8375 82770 300 17175 37.79334 -122.43473 8375 82800 300
102908 1 100454 37.77391 -122.42075 8377 9277 300 11862 37.77429 -122.43596 8377 11104 300
125784 0 100399 37.76348 -122.43395 8458 82771 300 17048 37.75617 -122.44298 8458 82800 300
89076 1 12446 37.76384 -122.47059 8459 9359 300 14586 37.79418 -122.42815 8459 11268 300
26646 0 4742 37.78838 -122.41518 8530 82780 300 5570 37.79108 -122.42415 8530 82800 300
8343 1 5546 37.79442 -122.39779 8531 9431 300 5559 37.79276 -122.41099 8531 11251 300
219755 0 1938 37.78661 -122.46576 8613 82700 300 2848 37.78097 -122.40872 8613 82800 300
119943 1 61939 37.61684 -122.39813 8614 9514 300 4103 37.79648 -122.42525 8614 11679 300
47734 0 5473 37.79343 -122.40206 8701 82781 300 5562 37.79233 -122.41429 8701 82800 300
178714 1 130530 37.78922 -122.408615 8703 9603 300 14773 37.78071 -122.41532 8703 11427 300
193817 0 9561 37.77373 -122.44768 8771 82771 300 10162 37.7719 -122.4321 8771 82800 300
197294 1 5473 37.79343 -122.40206 8775 9675 300 78630 37.77822 -122.4122 8775 11514 300
311021 0 5473 37.79343 -122.40206 8871 82783 300 9521 37.78663 -122.3995 8871 82800 300
110988 1 10355 37.79149 -122.40574 8872 9772 300 85390 37.80133 -122.42471 8872 11615 300
140277 0 4104 37.79627 -122.4269 8982 82772 300 11960 37.79343 -122.41282 8982 82800 300
306684 1 16907 37.79046 -122.39668 8985 9885 300 53534 37.79786 -122.40673 8985 11710 300
293745 0 14798 37.79132 -122.40716 9061 82724 300 12312 37.80463 -122.4438 9061 82800 300
64980 1 36302 37.77313 -122.43747 9070 9970 300 120326 37.75599 -122.40849 9070 11842 300
289295 0 7963 37.78352 -122.40749 9165 82770 300 5199 37.79642 -122.40349 9165 82800 300
162727 1 100426 37.77433 -122.42023 9166 10066 300 114696 37.74526 -122.4201 9166 11922 300
163939 0 91487 37.7855 -122.40778 9243 82607 300 75 37.71323 -122.39645 9243 82800 300
202310 1 13230 37.765 -122.42048 9244 10144 300 11382 37.78186 -122.43636 9244 11996 300
116405 0 87631 37.78526 -122.40319 9322 82772 300 65754 37.79835 -122.40714 9322 82800 300
160436 1 11435 37.78694 -122.41151 9323 10223 300 95802 37.80457 -122.42174 9323 12066 300
121618 0 2676 37.78856 -122.39803 9424 82744 300 10269 37.78815 -122.432 9424 82800 300
191653 1 65087 37.76423 -122.4331 9429 10329 300 53574 37.79035 -122.42214 9429 12187 300
81078 0 11971 37.79197 -122.42433 9539 82779 300 85466 37.80055 -122.42269 9539 82800 300
239737 1 5421 37.7862 -122.39898 9546 10446 300 2653 37.78932 -122.43055 9546 12304 300
301356 0 6725 37.78729 -122.41098 9630 82781 300 11962 37.79314 -122.41505 9630 82800 300
140843 1 8030 37.75356 -122.42307 9631 10531 300 16582 37.7673 -122.45317 9631 12400 300
300558 0 104439 37.74901 -122.43179 9739 82756 300 10024 37.74488 -122.4076 9739 82800 300
324323 1 54856 37.78688 -122.43159 9744 10644 300 117794 37.74365 -122.42889 9744 12530 300
209768 0 35987 37.78119 -122.45887 9837 82771 300 1434 37.77579 -122.44648 9837 82800 300
64281 1 4245 37.78501 -122.40047 9847 10747 300 7978 37.77824 -122.41415 9847 12578 300
105722 0 38074 37.76787 -122.42678 9933 82769 300 4480 37.75703 -122.41892 9933 82800 300
22502 1 70358 37.79243 -122.3909 9939 10839 300 7962 37.78529 -122.40523 9939 12672 300
32283 0 62175 37.61574 -122.38978 10004 82434 300 6736 37.78897 -122.40688 10004 82800 300
253268 1 7688 37.80019 -122.44118 10005 10905 300 95437 37.7858 -122.41297 10005 12773 300
104967 0 62236 37.61713 -122.38746 10105 82460 300 2572 37.76978 -122.42382 10105 82800 300
79040 1 4235 37.78009 -122.39431 10112 11012 300 104044 37.7453 -122.42669 10112 12910 300
17733 0 100429 37.77237 -122.42263 10166 82745 300 7925 37.74609 -122.42691 10166 82800 300
74441 1 8321 37.78807 -122.42523 10167 11067 300 129266 37.78582 -122.40883 10167 12897 300
12796 0 10054 37.79783 -122.42214 10289 82766 300 14807 37.78795 -122.43364 10289 82800 300
321098 1 50064 37.77199 -122.44819 10290 11190 300 5432 37.77621 -122.41161 10290 13051 300
264715 0 87663 37.78869 -122.40522 10344 82776 300 6081 37.79324 -122.3932 10344 82800 300
207743 1 8228 37.74806 -122.42028 10345 11245 300 8068 37.77599 -122.42616 10345 13101 300
23195 0 3383 37.75288 -122.43426 10437 82766 300 100384 37.76661 -122.4302 10437 82800 300
47737 1 5421 37.7862 -122.39898 10439 11339 300 130752 37.787365 -122.40824 10439 13157 300
193095 0 8072 37.77786 -122.42654 10552 82764 300 4742 37.78838 -122.41518 10552 82800 300
301357 1 130752 37.787365 -122.40824 10556 11456 300 11971 37.79197 -122.42433 10556 13291 300
212751 0 4791 37.77797 -122.40938 10630 82743 300 10475 37.7972 -122.42708 10630 82800 300
220058 1 5570 37.79108 -122.42415 10633 11533 300 13421 37.77051 -122.45041 10633 13406 300
128705 0 6722 37.78742 -122.40994 10735 82777 300 7791 37.77762 -122.40674 10735 82800 300
286515 1 127017 37.791315 -122.39337 10737 11637 300 120558 37.79702 -122.39953 10737 13455 300
200793 0 4076 37.79952 -122.40125 10839 82756 300 4106 37.79585 -122.43018 10839 82800 300
217363 1 8326 37.78681 -122.4351 10843 11743 300 130333 37.78756 -122.40813 10843 13588 300
25875 0 85410 37.79999 -122.4345 10936 82781 300 4104 37.79627 -122.4269 10936 82800 300
72579 1 45663 37.77649 -122.38972 10937 11837 300 112256 37.78993 -122.38936 10937 13672 300
24410 0 62105 37.61645 -122.38803 11032 82706 300 82136 37.61185 -122.39412 11032 82800 300
255909 1 7749 37.76357 -122.41733 11033 11933 300 8318 37.78869 -122.42031 11033 13783 300
50290 0 3664 37.71246 -122.46708 11111 82622 300 7100 37.78514 -122.43308 11111 82800 300
173936 1 11967 37.7928 -122.41777 11112 12012 300 7647 37.78595 -122.39724 11112 13855 300
119944 0 12072 37.79663 -122.40186 11206 82763 300 85374 37.80157 -122.4228 11206 82800 300
17734 1 9434 37.76183 -122.41938 11212 12112 300 3777 37.77589 -122.41514 11212 13941 300
79041 0 16531 37.75863 -122.41907 11300 82760 300 3668 37.73969 -122.41956 11300 82800 300
219757 1 1823 37.75077 -122.41612 11310 12210 300 69044 37.7564 -122.40321 11310 14048 300
290736 0 10810 37.72784 -122.42811 11402 82708 300 6154 37.76867 -122.41345 11402 82800 300
209770 1 114698 37.7481 -122.41827 11403 12303 300 62508 37.72777 -122.43248 11403 14148 300
216177 0 45612 37.80811 -122.4102 11491 82731 300 130699 37.7766 -122.39457 11491 82800 300
73853 1 91524 37.78858 -122.40242 11498 12398 300 1815 37.7512 -122.409 11498 14284 300
269722 0 14658 37.78448 -122.40425 11578 82739 300 4480 37.75703 -122.41892 11578 82800 300
135272 1 9904 37.78435 -122.40933 11579 12479 300 90723 37.70971 -122.41851 11579 14445 300
255087 0 85413 37.79957 -122.43779 11644 82736 300 96984 37.7924 -122.40327 11644 82800 300
153997 1 8303 37.79075 -122.40405 11645 12545 300 3152 37.78621 -122.45505 11645 14424 300
278098 0 121381 37.77783 -122.39383 11723 82729 300 3371 37.76572 -122.43549 11723 82800 300
169876 1 16872 37.72303 -122.43604 11724 12624 300 87345 37.75301 -122.40618 11724 14504 300
318094 0 109584 37.61532 -122.39228 11805 82321 300 93915 37.823 -122.32011 11805 82800 300
157122 1 3236 37.78649 -122.45175 11806 12706 300 128727 37.792535 -122.39232000000001 11806 14598 300
54701 0 25500 37.70623 -122.46115 11935 82778 300 28431 37.69508 -122.4619 11935 82800 300
280761 1 17611 37.79252 -122.41637 11938 12838 300 6885 37.7843 -122.40845 11938 14668 300
95003 0 130810 37.792535 -122.397525 12026 82771 300 11437 37.78674 -122.41316 12026 82800 300
327667 1 95434 37.78601 -122.41133 12029 12929 300 14928 37.78835 -122.39936 12029 14750 300
133829 0 10294 37.78177 -122.49023 12102 82654 300 7831 37.78179 -122.39836 12102 82800 300
150634 1 5193 37.79189 -122.40257 12112 13012 300 8332 37.76402 -122.4496 12112 14910 300
222152 0 9903 37.78528 -122.40951 12196 82754 300 10162 37.7719 -122.4321 12196 82800 300
162729 1 101984 37.78211 -122.39667 12200 13100 300 1948 37.78608 -122.47764 12200 15050 300
244681 0 10533 37.79185 -122.39495 12316 82711 300 4392 37.80256 -122.44508 12316 82800 300
64983 1 11435 37.78694 -122.41151 12317 13217 300 51755 37.78543 -122.43007 12317 15046 300
85373 0 129339 37.784385 -122.407885 12410 82752 300 100398 37.76634 -122.43056 12410 82800 300
29632 1 105053 37.78178 -122.39199 12411 13311 300 4603 37.76511 -122.46316 12411 15230 300
286517 0 95362 37.79067 -122.42081 12516 82779 300 11438 37.78652 -122.4148 12516 82800 300
64283 1 5193 37.79189 -122.40257 12517 13417 300 10578 37.76365 -122.47498 12517 15349 300
109707 0 16307 37.79547 -122.4183 12597 82774 300 7086 37.78808 -122.41007 12597 82800 300
140279 1 7085 37.78889 -122.40367 12600 13500 300 37447 37.80319 -122.42499 12600 15351 300
114773 0 4741 37.7886 -122.41354 12682 82720 300 10174 37.76938 -122.45187 12682 82800 300
163422 1 9521 37.78663 -122.3995 12685 13585 300 12109 37.72241 -122.43003 12685 15527 300
190493 0 104412 37.7528 -122.42533 12766 82741 300 4363 37.77292 -122.4391 12766 82800 300
193819 1 62223 37.61526 -122.385 12767 13667 300 57521 37.59099 -122.35096 12767 15583 300
149656 0 10276 37.79636 -122.43364 12851 82730 300 39988 37.78547 -122.39988 12851 82800 300
130884 1 13805 37.7756 -122.4155 12852 13752 300 14592 37.77759 -122.42483 12852 15572 300
295209 0 69952 37.72688 -122.47538 12968 82577 300 130043 37.64414 -122.404035 12968 82800 300
323107 1 5546 37.79442 -122.39779 12977 13877 300 7213 37.76572 -122.42196 12977 15746 300
83202 0 10098 37.7924 -122.39858 13098 82742 300 2660 37.79564 -122.43182 13098 82800 300
74972 1 7880 37.78663 -122.4064 13102 14002 300 12076 37.79621 -122.40515 13102 15824 300
2686 0 62230 37.61776 -122.3862 13192 82443 300 2641 37.77578 -122.42781 13192 82800 300
245820 1 3382 37.75368 -122.43433 13194 14094 300 7978 37.77824 -122.41415 13194 15955 300
338153 0 11849 37.76607 -122.44784 13262 82771 300 3376 37.76089 -122.43502 13262 82800 300
194591 1 36236 37.75357 -122.42298 13263 14163 300 130530 37.78922 -122.408615 13263 16041 300
23867 0 5470 37.79384 -122.39888 13372 82704 300 1936 37.78675 -122.46254 13372 82800 300
36291 1 12274 37.77623 -122.41471 13375 14275 300 7689 37.79998 -122.44284 13375 16156 300
120582 0 9903 37.78528 -122.40951 13459 82753 300 8238 37.76491 -122.42188 13459 82800 300
139481 1 5420 37.78677 -122.39825 13464 14364 300 7689 37.79998 -122.44284 13464 16251 300
219759 0 10052 37.79502 -122.42158 13558 82757 300 5454 37.78493 -122.40478 13558 82800 300
92973 1 5546 37.79442 -122.39779 13563 14463 300 35322 37.78214 -122.44905 13563 16351 300
116410 0 3117 37.79285 -122.40276 13670 82729 300 8236 37.7617 -122.42157 13670 82800 300
73219 1 95434 37.78601 -122.41133 13671 14571 300 8217 37.78701 -122.39997 13671 16391 300
6799 0 4244 37.78462 -122.39998 13780 82770 300 8315 37.78934 -122.41537 13780 82800 300
141550 1 126266 37.799049999999994 -122.39770999999999 13783 14683 300 65219 37.77483 -122.39942 13783 16541 300
321101 0 65717 37.7966 -122.39702 13897 82755 300 85361 37.80147 -122.42288 13897 82800 300
217366 1 44929 37.77437 -122.42389 13899 14799 300 2662 37.7975 -122.4322 13899 16649 300
265443 0 11372 37.78486 -122.41278 13981 82749 300 4107 37.79544 -122.43345 13981 82800 300
157124 1 100517 37.78092 -122.41197 13987 14887 300 100436 37.77365 -122.42133 13987 16707 300
179547 0 3616 37.8077 -122.41234 14088 82750 300 104810 37.79057 -122.38931 14088 82800 300
140280 1 87344 37.78741 -122.41003 14089 14989 300 11299 37.80696 -122.4105 14089 16835 300
27907 0 80610 37.79649 -122.39501 14169 82566 300 79992 37.85187 -122.483 14169 82800 300
332174 1 10163 37.77169 -122.43374 14170 15070 300 10173 37.76952 -122.45071 14170 16896 300
132299 0 11952 37.79445 -122.40479 14282 82763 300 11440 37.7861 -122.41809 14282 82800 300
252098 1 4736 37.78942 -122.40698 14283 15183 300 36062 37.76446 -122.49868 14283 17140 300
84600 0 14799 37.7913 -122.40734 14394 82747 300 5578 37.789 -122.44058 14394 82800 300
130159 1 13215 37.7974 -122.42543 14398 15298 300 3134 37.78953 -122.4289 14398 17118 300
325731 0 18937 37.7847 -122.44749 14503 82750 300 4995 37.76223 -122.43949 14503 82800 300
4787 1 18635 37.79639 -122.3969 14506 15406 300 4235 37.78009 -122.39431 14506 17246 300
130886 0 9891 37.80218 -122.4129 14593 82758 300 17289 37.80199 -122.43878 14593 82800 300
148414 1 7154 37.76997 -122.42043 14598 15498 300 4791 37.77797 -122.40938 14598 17327 300
95007 0 70360 37.79232 -122.39081 14711 82763 300 7086 37.78808 -122.41007 14711 82800 300
47742 1 2847 37.7814 -122.40925 14716 15616 300 11427 37.79607 -122.42099 14716 17458 300
103389 0 117657 37.79962 -122.4093 14792 82780 300 9899 37.79153 -122.41075 14792 82800 300
257121 1 7797 37.77377 -122.41162 14793 15693 300 4249 37.78667 -122.40257 14793 17527 300
121621 0 114475 37.75877 -122.41688 14903 82717 300 101211 37.79452 -122.39295 14903 82800 300
101858 1 77788 37.77589 -122.39332 14904 15804 300 10475 37.7972 -122.42708 14904 17687 300
53446 0 62175 37.61574 -122.38978 15017 82599 300 64492 37.54576 -122.32002 15017 82800 300
152621 1 61410 37.77183 -122.42051 15027 15927 300 95347 37.76747 -122.4291 15027 17745 300
314542 0 3619 37.80707 -122.41726 15128 82686 300 6680 37.75315 -122.4298 15128 82800 300
68265 1 11840 37.79225 -122.39976 15133 16033 300 5397 37.74556 -122.41499 15133 17937 300
126897 0 96664 37.77792 -122.39394 15246 82769 300 8303 37.79075 -122.40405 15246 82800 300
47085 1 11840 37.79225 -122.39976 15257 16157 300 83850 37.77001 -122.44321 15257 18039 300
257630 0 2810 37.76023 -122.41922 15390 82760 300 14595 37.7763 -122.40949 15390 82800 300
11480 1 100424 37.77559 -122.41871 15399 16299 300 9402 37.75648 -122.46793 15399 18193 300
69009 0 50064 37.77199 -122.44819 15481 82715 300 8217 37.78701 -122.39997 15481 82800 300
293749 1 17217 37.783 -122.41241 15489 16389 300 83408 37.78481 -122.45286 15489 18259 300
247772 0 55539 37.78539 -122.42522 15602 82762 300 85396 37.80015 -122.42599 15602 82800 300
266101 1 14544 37.76264 -122.46086 15607 16507 300 8237 37.76257 -122.42166 15607 18374 300
120583 0 12276 37.7742 -122.41216 15706 82771 300 5454 37.78493 -122.40478 15706 82800 300
301360 1 35944 37.78138 -122.45774 15708 16608 300 15192 37.79523 -122.41993 15708 18482 300
36944 0 85939 37.72932 -122.39254 15829 82672 300 7094 37.78682 -122.41993 15829 82800 300
239016 1 11422 37.79744 -122.41039 15834 16734 300 56374 37.78748 -122.40733 15834 18560 300
144745 0 11413 37.79886 -122.39869 15934 82709 300 112165 37.7624 -122.43523 15934 82800 300
42172 1 4488 37.75649 -122.42789 15938 16838 300 7096 37.7864 -122.42321 15938 18699 300
34596 0 3616 37.8077 -122.41234 16050 82751 300 95434 37.78601 -122.41133 16050 82800 300
202317 1 4753 37.78608 -122.43327 16051 16951 300 119884 37.75822 -122.42596 16051 18808 300
302873 0 85486 37.79954 -122.43936 16175 82740 300 3781 37.78545 -122.41567 16175 82800 300
215442 1 87175 37.78347 -122.40241 16181 17081 300 87625 37.77893 -122.39267 16181 18903 300
201487 0 5198 37.79553 -122.40331 16297 82771 300 7651 37.78352 -122.39416 16297 82800 300
17742 1 10098 37.7924 -122.39858 16298 17198 300 14804 37.79004 -122.4172 16298 19026 300
290739 0 16743 37.79278 -122.41438 16399 82782 300 11435 37.78694 -122.41151 16399 82800 300
150113 1 7100 37.78514 -122.43308 16400 17300 300 11758 37.80148 -122.41615 16400 19154 300
266102 0 107114 37.76771 -122.42857 16495 82734 300 18431 37.79485 -122.40487 16495 82800 300
7644 1 3115 37.79307 -122.40112 16499 17399 300 7828 37.78815 -122.39032 16499 19221 300
278102 0 10460 37.77781 -122.42316 16600 82757 300 3124 37.79183 -122.41081 16600 82800 300
64286 1 85375 37.79981 -122.43596 16610 17510 300 119202 37.79116 -122.42671 16610 19339 300
93668 0 11199 37.80675 -122.41214 16721 82760 300 56375 37.78746 -122.40749 16721 82800 300
286523 1 4249 37.78667 -122.40257 16726 17626 300 129817 37.79078 -122.41906 16726 19459 300
286216 0 45598 37.79652 -122.39584 16842 82767 300 11299 37.80696 -122.4105 16842 82800 300
246563 1 7650 37.78431 -122.39517 16843 17743 300 9558 37.77456 -122.44111 16843 19624 300
87133 0 11194 37.79741 -122.41025 16964 82755 300 121136 37.79954 -122.43499 16964 82800 300
64988 1 48794 37.78738 -122.39748 16975 17875 300 16355 37.79036 -122.40334 16975 19693 300
288087 0 5194 37.79377 -122.40295 17068 82770 300 83755 37.78531 -122.41299 17068 82800 300
101082 1 6379 37.77103 -122.45378 17070 17970 300 6787 37.79961 -122.41577 17070 19873 300
155879 0 88265 37.78816 -122.40818 17195 82761 300 11300 37.80634 -122.41543 17195 82800 300
297272 1 99485 37.80639 -122.47513 17196 18096 300 35957 37.78059 -122.47508 17196 19953 300
207749 0 100389 37.76872 -122.42727 17330 82748 300 10049 37.79239 -122.42105 17330 82800 300
178017 1 130810 37.792535 -122.397525 17332 18232 300 11070 37.76859 -122.45052 17332 20129 300
25124 0 3132 37.78995 -122.42561 17472 82771 300 6790 37.7993 -122.41822 17472 82800 300
253272 1 100520 37.79335 -122.39642 17474 18374 300 65770 37.78848 -122.4107 17474 20199 300
126294 0 36230 37.76316 -122.42391 17578 82761 300 11928 37.77177 -122.44054 17578 82800 300
64287 1 5550 37.79356 -122.40461 17590 18490 300 11923 37.7912 -122.44447 17590 20352 300
264124 0 9903 37.78528 -122.40951 17697 82756 300 2119 37.78702 -122.3886 17697 82800 300
118627 1 14658 37.78448 -122.40425 17698 18598 300 6786 37.79968 -122.41522 17698 20441 300
267557 0 120738 37.76954 -122.42994 17816 82759 300 116382 37.75115 -122.43645 17816 82800 300
336045 1 126844 37.78449 -122.432945 17821 18721 300 1557 37.78299 -122.46336 17821 20570 300
54707 0 100521 37.793 -122.3964 17924 82776 300 130982 37.784915 -122.39112 17924 82800 300
170787 1 36231 37.76157 -122.42374 17933 18833 300 68562 37.76198 -122.43623 17933 20654 300
324331 0 111706 37.79181 -122.39423 18037 82769 300 53535 37.79868 -122.40788 18037 82800 300
207750 1 121553 37.79077 -122.4106 18038 18938 300 17173 37.78142 -122.43232 18038 20784 300
241005 0 1434 37.77579 -122.44648 18134 82699 300 11505 37.78155 -122.38935 18134 82800 300
300562 1 69909 37.7259 -122.47608 18137 19037 300 4610 37.78294 -122.46442 18137 20958 300
97719 0 16926 37.75543 -122.41876 18253 82524 300 29782 37.85816 -122.48452 18253 82800 300
243520 1 10100 37.7952 -122.39916 18259 19159 300 83290 37.78757 -122.39087 18259 20980 300
170788 0 3376 37.76089 -122.43502 18338 82753 300 1823 37.75077 -122.41612 18338 82800 300
82528 1 8436 37.77277 -122.5112 18343 19243 300 36022 37.77965 -122.49329 18343 21081 300
242873 0 71756 37.77229 -122.40111 18458 82691 300 11880 37.80655 -122.44236 18458 82800 300
17745 1 6722 37.78742 -122.40994 18460 19360 300 7339 37.78382 -122.45905 18460 21237 300
67161 0 8237 37.76257 -122.42166 18567 82719 300 4189 37.80056 -122.43451 18567 82800 300
54708 1 104709 37.7992 -122.39745 18572 19472 300 1445 37.77415 -122.45948 18572 21389 300
81085 0 10250 37.77092 -122.42852 18676 82749 300 5567 37.7917 -122.41923 18676 82800 300
239741 1 96982 37.79238 -122.40267 18685 19585 300 10473 37.79439 -122.42652 18685 21430 300
160444 0 100447 37.77406 -122.42054 18808 82766 300 130333 37.78756 -122.40813 18808 82800 300
297273 1 11950 37.79486 -122.40149 18813 19713 300 85385 37.79978 -122.42254 18813 21551 300
104977 0 6375 37.77209 -122.44573 18965 82738 300 7689 37.79998 -122.44284 18965 82800 300
259733 1 85393 37.79996 -122.43607 18967 19867 300 9563 37.77331 -122.45098 18967 21739 300
205737 0 17180 37.80094 -122.43625 19071 82733 300 16303 37.78258 -122.41569 19071 82800 300
40940 1 10351 37.78823 -122.40513 19072 19972 300 11380 37.78215 -122.43416 19072 21821 300
122315 0 3517 37.80435 -122.42346 19202 82745 300 5779 37.78019 -122.42701 19202 82800 300
50793 1 126988 37.79912 -122.39758 19203 20103 300 2377 37.77348 -122.40268 19203 21965 300
77540 0 6797 37.79792 -122.42891 19357 82749 300 87661 37.78849 -122.40677 19357 82800 300
300049 1 35750 37.79573 -122.42332 19358 20258 300 6807 37.79564 -122.44687 19358 22098 300
52285 0 3509 37.80582 -122.41195 19453 82758 300 91492 37.78453 -122.40853 19453 82800 300
101085 1 7348 37.77657 -122.39876 19454 20354 300 6379 37.77103 -122.45378 19454 22246 300
41725 0 85413 37.79957 -122.43779 19574 82741 300 5559 37.79276 -122.41099 19574 82800 300
300563 1 35984 37.78191 -122.45111 19575 20475 300 6925 37.77695 -122.44496 19575 22293 300
100786 0 78630 37.77822 -122.4122 19725 82656 300 7453 37.72365 -122.45821 19725 82800 300
142343 1 16529 37.75883 -122.4158 19726 20626 300 2212 37.77913 -122.39755 19726 22480 300
229064 0 2810 37.76023 -122.41922 19821 82730 300 11404 37.79593 -122.42162 19821 82800 300
211777 1 95330 37.76208 -122.42856 19828 20728 300 7925 37.74609 -122.42691 19828 22565 300
286219 0 14793 37.7921 -122.40093 19943 82697 300 8334 37.76366 -122.4524 19943 82800 300
22513 1 6666 37.76436 -122.43088 19944 20844 300 40886 37.7757 -122.43299 19944 22666 300
64291 0 4747 37.78735 -122.42341 20088 82754 300 5356 37.79811 -122.40469 20088 82800 300
80338 1 36300 37.77126 -122.4371 20095 20995 300 16303 37.78258 -122.41569 20095 22845 300
219762 0 6376 37.77188 -122.44732 20216 82728 300 18056 37.78571 -122.40622 20216 82800 300
74978 1 128753 37.7864225 -122.40805 20219 21119 300 9636 37.78288 -122.38893 20219 22957 300
110499 0 100512 37.77872 -122.41475 20336 82763 300 12299 37.77407 -122.43758 20336 82800 300
66445 1 100469 37.79312 -122.39653 20350 21250 300 42666 37.77552 -122.4345 20350 23119 300
186208 0 62150 37.61687 -122.388 20467 82593 300 64492 37.54576 -122.32002 20467 82800 300
65598 1 16703 37.80627 -122.41882 20473 21373 300 4788 37.77921 -122.41094 20473 23231 300
40942 0 4736 37.78942 -122.40698 20566 82777 300 96655 37.78394 -122.39874 20566 82800 300
153240 1 5782 37.77935 -122.43359 20567 21467 300 4744 37.78796 -122.41848 20567 23303 300
285510 0 95358 37.79043 -122.42216 20665 82777 300 4753 37.78608 -122.43327 20665 82800 300
239742 1 5557 37.793 -122.40901 20668 21568 300 9554 37.77562 -122.43282 20668 23428 300
16417 0 65532 37.7913 -122.41408 20769 82729 300 4476 37.7573 -122.41454 20769 82800 300
101086 1 6379 37.77103 -122.45378 20774 21674 300 87344 37.78741 -122.41003 20774 23560 300
281390 0 8093 37.79957 -122.43093 20892 82734 300 88474 37.7866 -122.40247 20892 82800 300
74979 1 4243 37.78421 -122.39947 20893 21793 300 17216 37.79756 -122.40541 20893 23621 300
64292 0 9548 37.77772 -122.4164 21004 82738 300 9889 37.80655 -122.41378 21004 82800 300
112893 1 13999 37.79313 -122.43638 21007 21907 300 120735 37.7694 -122.43005 21007 23755 300
31660 0 5783 37.77914 -122.43524 21138 82724 300 130628 37.789365000000004 -122.39187000000001 21138 82800 300
290742 1 44238 37.74833 -122.41814 21142 22042 300 12500 37.72156 -122.43717 21142 23900 300
59793 0 10473 37.79439 -122.42652 21230 82734 300 14662 37.77875 -122.39706 21230 82800 300
23202 1 16912 37.77745 -122.41317 21232 22132 300 107203 37.78017 -122.40351 21232 23953 300
187017 0 11415 37.79843 -122.40222 21363 82712 300 6668 37.76195 -122.43065 21363 82800 300
312863 1 4375 37.7841 -122.44134 21370 22270 300 8312 37.78974 -122.41207 21370 24118 300
271436 0 12250 37.78507 -122.42643 21511 82776 300 12306 37.78337 -122.43954 21511 82800 300
264128 1 9692 37.76517 -122.42461 21517 22417 300 10249 37.77045 -122.42844 21517 24235 300
176965 0 4744 37.78796 -122.41848 21636 82776 300 128555 37.79919 -122.419055 21636 82800 300
218155 1 100472 37.7873 -122.40335 21640 22540 300 85093 37.79534 -122.40022 21640 24367 300
103971 0 11420 37.79762 -122.40862 21790 82775 300 4741 37.7886 -122.41354 21790 82800 300
236054 1 4693 37.80423 -122.42008 21791 22691 300 5215 37.80383 -122.40498 21791 24517 300
62438 0 62228 37.61717 -122.38466 21922 82307 300 93915 37.823 -122.32011 21922 82800 300
2688 1 56574 37.80146 -122.45331 21928 22828 300 36042 37.76611 -122.46109 21928 24706 300
8353 0 7753 37.7633 -122.42173 22057 82739 300 16305 37.79234 -122.41767 22057 82800 300
97016 1 3115 37.79307 -122.40112 22062 22962 300 2661 37.79657 -122.43201 22062 24816 300
119951 0 129800 37.79347 -122.396325 22164 82771 300 5533 37.79537 -122.41189 22164 82800 300
255920 1 114696 37.74526 -122.4201 22168 23068 300 10869 37.76484 -122.42311 22168 24907 300
284773 0 7688 37.80019 -122.44118 22316 82725 300 10173 37.76952 -122.45071 22316 82800 300
142948 1 4086 37.79857 -122.40881 22319 23219 300 3144 37.78744 -122.4454 22319 25086 300
129590 0 53537 37.79932 -122.40897 22459 82776 300 65758 37.79153 -122.41242 22459 82800 300
40945 1 104327 37.75265 -122.41302 22464 23364 300 11438 37.78652 -122.4148 22464 25237 300
114781 0 10043 37.78589 -122.41975 22693 82737 300 10823 37.75589 -122.41127 22693 82800 300
120589 1 85475 37.79946 -122.4326 22697 23597 300 2812 37.76014 -122.42066 22697 25479 300
124196 0 9520 37.78897 -122.39656 22897 82657 300 93915 37.823 -122.32011 22897 82800 300
122319 1 35751 37.79482 -122.42314 22910 23810 300 123724 37.8042 -122.42649 22910 25631 300
12799 0 10058 37.80528 -122.42365 23064 82697 300 3859 37.76722 -122.44638 23064 82800 300
286220 1 4730 37.79003 -122.40219 23065 23965 300 107202 37.78005 -122.40314 23065 25791 300
255093 0 104873 37.79641 -122.41861 23206 82770 300 11435 37.78694 -122.41151 23206 82800 300
53841 1 16926 37.75543 -122.41876 23219 24119 300 5578 37.789 -122.44058 23219 26006 300
207040 0 114698 37.7481 -122.41827 23374 82702 300 5577 37.7892 -122.43896 23374 82800 300
70180 1 7654 37.78228 -122.39261 23384 24284 300 128727 37.792535 -122.39232000000001 23384 26111 300
169888 0 7324 37.79071 -122.4044 23539 82781 300 11515 37.78685 -122.39391 23539 82800 300
187662 1 10169 37.77021 -122.44535 23541 24441 300 4660 37.76752 -122.43229 23541 26265 300
168645 0 114475 37.75877 -122.41688 23784 82759 300 116382 37.75115 -122.43645 23784 82800 300
4119 1 14615 37.7645 -122.45256 23786 24686 300 2415 37.77682 -122.45675 23786 26512 300
4789 0 109472 37.61615 -122.38836 23978 82650 300 19363 37.56185 -122.36217 23978 82800 300
2879 1 62211 37.6164 -122.38812 23992 24892 300 27265 37.59012 -122.38847 23992 26768 300
205742 0 11194 37.79741 -122.41025 24224 82758 300 17688 37.78524 -122.42121 24224 82800 300
225253 1 7737 37.76482 -122.40159 24231 25131 300 120274 37.76335 -122.41951 24231 26958 300
97722 0 35782 37.78465 -122.43115 25230 82755 300 35991 37.78109 -122.46107 25230 82800 300
9721 1 95343 37.76564 -122.43115 25231 26131 300 95434 37.78601 -122.41133 25231 27982 300
293020 0 3376 37.76089 -122.43502 25333 82716 300 4458 37.72612 -122.41556 25333 82800 300
275273 1 100382 37.76295 -122.43461 25334 26234 300 637 37.78079 -122.39963 25334 28102 300
102918 0 4234 37.77885 -122.39276 25550 82762 300 11437 37.78674 -122.41316 25550 82800 300
102539 1 18357 37.7948 -122.4233 25552 26452 300 7883 37.78559 -122.41461 25552 28281 300
249591 0 10350 37.78776 -122.40504 25832 82778 300 10043 37.78589 -122.41975 25832 82800 300
285514 1 10304 37.75931 -122.48864 25834 26734 300 42890 37.77148 -122.50785 25834 28582 300
32979 0 11440 37.7861 -122.41809 26104 82726 300 7207 37.78288 -122.46549 26104 82800 300
271977 1 4628 37.79906 -122.42008 26138 27038 300 13204 37.7996 -122.40819 26138 28857 300
44699 0 12275 37.77456 -122.41262 26481 82774 300 10043 37.78589 -122.41975 26481 82800 300
59795 1 109911 37.76977 -122.41731 26496 27396 300 8237 37.76257 -122.42166 26496 29225 300
45372 0 8211 37.7758 -122.41417 26862 82743 300 85431 37.80106 -122.42609 26862 82800 300
86429 1 58637 37.79478 -122.4266 26869 27769 300 8323 37.78723 -122.43181 26869 29591 300
7651 0 96651 37.78362 -122.39874 27127 82737 300 14008 37.77283 -122.4323 27127 82800 300
311031 1 12178 37.77063 -122.41977 27148 28048 300 35764 37.78383 -122.42093 27148 29874 300
43930 0 13233 37.76422 -122.43319 27451 82776 300 100477 37.77289 -122.42196 27451 82800 300
15783 1 8528 37.79848 -122.43577 27458 28358 300 5806 37.7878 -122.39162 27458 30238 300
297279 0 53543 37.80112 -122.41145 27733 82697 300 8386 37.75267 -122.40036 27733 82800 300
312866 1 6158 37.76827 -122.41999 27736 28636 300 10162 37.7719 -122.4321 27736 30462 300
305350 0 109942 37.76981 -122.41759 28099 82775 300 55618 37.76531 -122.42639 28099 82800 300
318298 1 3115 37.79307 -122.40112 28128 29028 300 5806 37.7878 -122.39162 28128 30848 300
122793 0 11982 37.7609 -122.44639 28519 82753 300 83305 37.78199 -122.44254 28519 82800 300
87140 1 100381 37.76851 -122.42759 28522 29422 300 11418 37.79792 -122.40625 28522 31294 300
60548 0 4744 37.78796 -122.41848 28821 82732 300 6637 37.76069 -122.43826 28821 82800 300
83207 1 3121 37.79225 -122.40753 28824 29724 300 4628 37.79906 -122.42008 28824 31556 300
291512 0 12278 37.77302 -122.41069 29201 82780 300 100455 37.78048 -122.41252 29201 82800 300
231183 1 6669 37.76116 -122.43057 29225 30125 300 4470 37.75776 -122.40686 29225 31968 300
257634 0 131120 37.80131 -122.411455 29484 82604 300 7458 37.71544 -122.45315 29484 82800 300
23205 1 11194 37.79741 -122.41025 29504 30404 300 36317 37.78711 -122.44019 29504 32261 300
182509 0 4480 37.75703 -122.41892 29844 82741 300 9904 37.78435 -122.40933 29844 82800 300
235358 1 4480 37.75703 -122.41892 29863 30763 300 637 37.78079 -122.39963 29863 32627 300
237119 0 513 37.78902 -122.41773 30229 82762 300 74141 37.79004 -122.39617 30229 82800 300
9722 1 95334 37.76409 -122.43351 30245 31145 300 10058 37.80528 -122.42365 30245 33033 300
23207 0 95356 37.79039 -122.42242 30667 82748 300 10869 37.76484 -122.42311 30667 82800 300
290745 1 87372 37.75403 -122.40641 30668 31568 300 11340 37.75823 -122.39121 30668 33400 300
101087 0 9857 37.7767 -122.41411 30897 82776 300 11435 37.78694 -122.41151 30897 82800 300
237120 1 11440 37.7861 -122.41809 30906 31806 300 8586 37.75119 -122.50312 30906 33776 300
297950 0 4794 37.77551 -122.4063 31147 82650 300 23431 37.70509 -122.41572 31147 82800 300
253281 1 91529 37.76504 -122.41981 31191 32091 300 5889 37.75616 -122.4067 31191 33927 300
228346 0 95362 37.79067 -122.42081 31407 82631 300 99842 37.71823 -122.45716 31407 82800 300
12801 1 17031 37.80322 -122.41371 31416 32316 300 11372 37.78486 -122.41278 31416 34154 300
255096 0 11441 37.78567 -122.42146 31730 82697 300 2740 37.77619 -122.4866 31730 82800 300
43933 1 91552 37.77915 -122.42013 31732 32632 300 85378 37.79942 -122.42407 31732 34474 300
9723 0 8091 37.79864 -122.43074 31945 82686 300 9351 37.75765 -122.39313 31945 82800 300
242881 1 8845 37.75244 -122.41518 31959 32859 300 10361 37.79782 -122.40701 31959 34755 300
88465 0 88270 37.78782 -122.40832 32193 82761 300 7671 37.80312 -122.41817 32193 82800 300
268919 1 45537 37.76599 -122.43116 32194 33094 300 11440 37.7861 -122.41809 32194 34941 300
79690 0 130445 37.77065 -122.42507499999999 32539 82715 300 36004 37.7807 -122.46963 32539 82800 300
76740 1 4087 37.79847 -122.40965 32542 33442 300 8238 37.76491 -122.42188 32542 35316 300
284083 0 131139 37.769705 -122.42659 32922 82780 300 10458 37.77595 -122.42279 32922 82800 300
136843 1 87635 37.78619 -122.40215 32994 33894 300 4480 37.75703 -122.41892 32994 35760 300
218160 0 5356 37.79811 -122.40469 33557 82712 300 5887 37.75936 -122.40701 33557 82800 300
92989 1 16926 37.75543 -122.41876 33585 34485 300 1818 37.75104 -122.41176 33585 36304 300
297282 0 11956 37.79405 -122.4079 34096 82656 300 10811 37.72628 -122.42928 34096 82800 300
128717 1 10098 37.7924 -122.39858 34111 35011 300 3177 37.78393 -122.48393 34111 36939 300
286884 0 2635 37.773 -122.42725 35002 82716 300 237 37.78264 -122.47084 35002 82800 300
335518 1 11351 37.79748 -122.40972 35016 35916 300 8028 37.75516 -122.42322 35016 37807 300
203472 0 1751 37.78573 -122.41633 35861 82745 300 17395 37.76317 -122.43449 35861 82800 300
47089 1 4377 37.78596 -122.44172 35914 36814 300 12084 37.7951 -122.41402 35914 38669 300
88468 0 9835 37.79146 -122.40541 36574 82728 300 11877 37.80456 -122.44207 36574 82800 300
335519 1 10165 37.77127 -122.43701 36624 37524 300 3141 37.78808 -122.44039 36624 39356 300
51486 0 104439 37.74901 -122.43179 37963 82779 300 4488 37.75649 -122.42789 37963 82800 300
34602 1 9559 37.77435 -122.44275 37964 38864 300 7583 37.76061 -122.50164 37964 40766 300
79058 0 2638 37.77438 -122.42754 39152 82782 300 100479 37.77665 -122.41738 39152 82800 300
173945 1 87335 37.77536 -122.41924 39238 40138 300 3131 37.79016 -122.42397 39238 41969 300
178020 0 3388 37.74809 -122.4338 40182 82691 300 5196 37.79466 -122.40313 40182 82800 300
297284 1 100479 37.77665 -122.41738 40280 41180 300 78127 37.73899 -122.48293 40280 43118 300
28283 0 1833 37.75037 -122.42277 40925 82752 300 100548 37.76853 -122.43381 40925 82800 300
224522 1 2847 37.7814 -122.40925 40926 41826 300 120268 37.77808 -122.43671 40926 43669 300
65947 0 35759 37.78756 -122.42168 41630 82746 300 8907 37.80217 -122.40298 41630 82800 300
213468 1 3138 37.78869 -122.43548 41655 42555 300 95435 37.78683 -122.40485 41655 44409 300
26649 0 6789 37.7994 -122.41739 42465 82611 300 6728 37.72712 -122.35779 42465 82800 300
211785 1 2653 37.78932 -122.43055 42522 43422 300 10361 37.79782 -122.40701 42522 45268 300
69013 0 9479 37.78272 -122.40649 43249 82776 300 11509 37.7771 -122.39499 43249 82800 300
136232 1 85395 37.79891 -122.44434 43265 44165 300 3117 37.79285 -122.40276 43265 46037 300
273741 0 3137 37.7889 -122.43384 44037 82746 300 91525 37.79124 -122.39971 44037 82800 300
211023 1 16866 37.77317 -122.41859 44064 44964 300 55745 37.75347 -122.44432 44064 46829 300
121630 0 7100 37.78514 -122.43308 44551 82749 300 8238 37.76491 -122.42188 44551 82800 300
61913 1 5205 37.79858 -122.40393 44591 45491 300 71054 37.75496 -122.3919 44591 47505 300
294378 0 82473 37.7892 -122.39218 45227 82782 300 96986 37.7953 -122.39382 45227 82800 300
190507 1 2823 37.75923 -122.43597 45252 46152 300 33591 37.61479 -122.38981 45252 48285 300
237828 0 10048 37.78962 -122.4205 45699 82774 300 15531 37.77884 -122.41505 45699 82800 300
167277 1 100482 37.77749 -122.41631 45704 46604 300 10270 37.79092 -122.43256 45704 48451 300
305355 0 14669 37.78551 -122.42454 46187 82774 300 15531 37.77884 -122.41505 46187 82800 300
337278 1 35748 37.79763 -122.42372 46189 47089 300 85423 37.7999 -122.43597 46189 48914 300
319896 0 7096 37.7864 -122.42321 46683 82761 300 91525 37.79124 -122.39971 46683 82800 300
117232 1 104331 37.75256 -122.41311 46693 47593 300 97758 37.75768 -122.39259 46693 49434 300
128720 0 10168 37.77046 -122.44333 47106 82782 300 6369 37.77356 -122.43413 47106 82800 300
256366 1 58935 37.78611 -122.38968 47108 48008 300 2412 37.79273 -122.40383 47108 49837 300
306121 0 35990 37.78098 -122.46321 47554 82690 300 47462 37.79561 -122.39754 47554 82800 300
239022 1 2638 37.77438 -122.42754 47559 48459 300 96985 37.79238 -122.40343 47559 50320 300
138116 0 17088 37.79633 -122.41784 47980 82759 300 100463 37.79377 -122.39391 47980 82800 300
288841 1 3383 37.75288 -122.43426 48012 48912 300 62207 37.61779 -122.38694 48012 51047 300
314133 0 52271 37.66139 -122.4649 48388 82618 300 1702 37.75405 -122.48075 48388 82800 300
237829 1 95539 37.80272 -122.41378 48418 49318 300 2675 37.78898 -122.39856 48418 51157 300
234774 0 11400 37.79427 -122.43491 48717 82736 300 104688 37.7945 -122.39503 48717 82800 300
160453 1 3520 37.80373 -122.42841 48718 49618 300 104781 37.79719 -122.3955 48718 51475 300
256368 0 85477 37.79978 -122.43772 49078 82737 300 96982 37.79238 -122.40267 49078 82800 300
178024 1 13390 37.8031 -122.43746 49079 49979 300 80613 37.80144 -122.40105 49079 51840 300
274439 0 7811 37.7525 -122.4141 49353 82782 300 87370 37.75509 -122.4051 49353 82800 300
183380 1 13214 37.79761 -122.42386 49375 50275 300 3113 37.79336 -122.39878 49375 52120 300
165430 0 8310 37.79033 -122.40752 49737 82773 300 127017 37.791315 -122.39337 49737 82800 300
79694 1 3388 37.74809 -122.4338 49775 50675 300 130771 37.784525 -122.40141750000001 49775 52572 300
335185 0 18357 37.7948 -122.4233 49990 82783 300 6789 37.7994 -122.41739 49990 82800 300
99996 1 35999 37.78053 -122.47396 49994 50894 300 7915 37.75809 -122.42807 49994 52798 300
151442 0 6636 37.76174 -122.43837 50252 82441 300 111718 37.61446 -122.38942 50252 82800 300
266108 1 5838 37.77865 -122.47383 50264 51164 300 130699 37.7766 -122.39457 50264 53094 300
239749 0 130370 37.784385 -122.43139500000001 50503 82755 300 4599 37.78934 -122.40377 50503 82800 300
265450 1 128584 37.76878 -122.42858 50504 51404 300 11374 37.78461 -122.41477 50504 53248 300
1756 0 11304 37.80571 -122.42037 50723 82768 300 12596 37.79941 -122.43596 50723 82800 300
241012 1 8323 37.78723 -122.43181 50726 51626 300 11370 37.78507 -122.41114 50726 53467 300
282868 0 2808 37.76036 -122.41703 50998 82727 300 3137 37.7889 -122.43384 50998 82800 300
135638 1 13215 37.7974 -122.42543 51009 51909 300 16031 37.79571 -122.40167 51009 53750 300
242381 0 12245 37.78419 -122.43289 51223 82761 300 12634 37.80333 -122.43922 51223 82800 300
116417 1 6392 37.77843 -122.39329 51226 52126 300 10098 37.7924 -122.39858 51226 53962 300
239024 0 11309 37.80277 -122.44341 51368 82765 300 11920 37.78669 -122.44356 51368 82800 300
175475 1 4391 37.80069 -122.4447 51387 52287 300 5547 37.79427 -122.39896 51387 54168 300
70390 0 10470 37.79175 -122.42598 51576 82759 300 3235 37.78755 -122.45195 51576 82800 300
333679 1 4104 37.79627 -122.4269 51587 52487 300 4245 37.78501 -122.40047 51587 54348 300
138118 0 5779 37.78019 -122.42701 51753 82778 300 129903 37.778850000000006 -122.41490999999999 51753 82800 300
325739 1 123434 37.78974 -122.42247 51758 52658 300 103579 37.7843 -122.40868 51758 54498 300
6104 0 50082 37.77269 -122.44302 51913 82420 300 62207 37.61779 -122.38694 51913 82800 300
247175 1 7782 37.7873 -122.39448 51915 52815 300 2791 37.76099 -122.40121 51915 54678 300
316981 0 10038 37.7817 -122.41889 52127 82777 300 87453 37.77107 -122.41732 52127 82800 300
222860 1 4098 37.79733 -122.41868 52133 53033 300 9520 37.78897 -122.39656 52133 54878 300
61915 0 127957 37.794525 -122.41136 52279 82731 300 6662 37.76932 -122.43136 52279 82800 300
210492 1 8217 37.78701 -122.39997 52283 53183 300 95434 37.78601 -122.41133 52283 55011 300
178027 0 3144 37.78744 -122.4454 52426 82737 300 49390 37.78375 -122.48775 52426 82800 300
260438 1 11401 37.79511 -122.42834 52432 53332 300 11435 37.78694 -122.41151 52432 55176 300
264138 0 3121 37.79225 -122.40753 52547 82760 300 11507 37.78019 -122.39108 52547 82800 300
192576 1 18641 37.80169 -122.40619 52550 53450 300 91516 37.79145 -122.39878 52550 55278 300
277428 0 35727 37.74491 -122.47571 52695 82712 300 10168 37.77046 -122.44333 52695 82800 300
246571 1 11449 37.74917 -122.41597 52708 53608 300 45695 37.769 -122.39544 52708 55478 300
330122 0 35764 37.78383 -122.42093 52821 82765 300 11869 37.78732 -122.43858 52821 82800 300
325322 1 57264 37.80067 -122.41038 52824 53724 300 15634 37.80153 -122.4397 52824 55572 300
167914 0 85460 37.80101 -122.42785 52931 82750 300 95434 37.78601 -122.41133 52931 82800 300
104989 1 125070 37.780035 -122.44621000000001 52933 53833 300 1943 37.78632 -122.47218 52933 55689 300
135640 0 53535 37.79868 -122.40788 53085 82781 300 3124 37.79183 -122.41081 53085 82800 300
154768 1 18675 37.79521 -122.41693 53092 53992 300 77409 37.79156 -122.39726 53092 55832 300
311989 0 17088 37.79633 -122.41784 53288 82780 300 128874 37.800545 -122.409335 53288 82800 300
168648 1 129571 37.79616 -122.418455 53295 54195 300 9480 37.78192 -122.40548 53295 56037 300
177467 0 103620 37.77055 -122.44073 53438 82765 300 17008 37.77322 -122.41885 53438 82800 300
229068 1 4103 37.79648 -122.42525 53441 54341 300 5805 37.79115 -122.39581 53441 56195 300
9731 0 9903 37.78528 -122.40951 53611 82782 300 126342 37.77807 -122.41558 53611 82800 300
60551 1 11869 37.78732 -122.43858 53622 54522 300 4724 37.79254 -122.39407 53622 56393 300
311990 0 117658 37.79968 -122.40923 53743 82777 300 2412 37.79273 -122.40383 53743 82800 300
178721 1 128753 37.7864225 -122.40805 53744 54644 300 3512 37.80521 -122.41688 53744 56485 300
21672 0 58640 37.79806 -122.41545 53837 82774 300 95434 37.78601 -122.41133 53837 82800 300
333164 1 11447 37.75557 -122.41657 53842 54742 300 104433 37.74912 -122.43164 53842 56575 300
86431 0 4104 37.79627 -122.4269 54003 82746 300 126461 37.79441250000001 -122.3949375 54003 82800 300
208296 1 11370 37.78507 -122.41114 54005 54905 300 127196 37.806385 -122.404775 54005 56759 300
178028 0 4382 37.79141 -122.44282 54117 82725 300 16034 37.80403 -122.40335 54117 82800 300
267564 1 11507 37.78019 -122.39108 54121 55021 300 104688 37.7945 -122.39503 54121 56857 300
2884 0 5840 37.77855 -122.47602 54235 82757 300 3151 37.78625 -122.45477 54235 82800 300
25892 1 11439 37.78631 -122.41644 54236 55136 300 11509 37.7771 -122.39499 54236 56978 300
136850 0 2822 37.75929 -122.43487 54379 82745 300 45539 37.73537 -122.42457 54379 82800 300
9142 1 13390 37.8031 -122.43746 54381 55281 300 4098 37.79733 -122.41868 54381 57121 300
51491 0 4793 37.77631 -122.4073 54500 82774 300 7647 37.78595 -122.39724 54500 82800 300
184035 1 11840 37.79225 -122.39976 54501 55401 300 1553 37.78868 -122.46376 54501 57303 300
192577 0 95426 37.78821 -122.40849 54657 82768 300 40778 37.79733 -122.39839 54657 82800 300
154225 1 6378 37.77146 -122.45061 54679 55579 300 15186 37.78237 -122.41733 54679 57441 300
209787 0 107203 37.78017 -122.40351 54819 82779 300 8187 37.77823 -122.39355 54819 82800 300
1759 1 9488 37.77534 -122.39722 54830 55730 300 14773 37.78071 -122.41532 54830 57566 300
26655 0 11402 37.79552 -122.42505 54930 82758 300 80613 37.80144 -122.40105 54930 82800 300
155404 1 10472 37.79351 -122.42633 54934 55834 300 87344 37.78741 -122.41003 54934 57671 300
316497 0 94142 37.74715 -122.45937 55081 82707 300 35331 37.78295 -122.44281 55081 82800 300
157720 1 6392 37.77843 -122.39329 55088 55988 300 10697 37.78745 -122.4005 55088 57812 300
335188 0 6785 37.79982 -122.41412 55196 82772 300 85125 37.79494 -122.39969 55196 82800 300
184768 1 65712 37.80169 -122.41245 55198 56098 300 4249 37.78667 -122.40257 55198 57935 300
280379 0 39952 37.78378 -122.40202 55321 82781 300 7348 37.77657 -122.39876 55321 82800 300
96204 1 85458 37.79933 -122.44101 55324 56224 300 100444 37.78734 -122.40339 55324 58106 300
59805 0 2860 37.77362 -122.39941 55444 82770 300 16692 37.78279 -122.41405 55444 82800 300
200155 1 5416 37.792 -122.39165 55450 56350 300 103609 37.77725 -122.39479 55450 58184 300
285520 0 7085 37.78889 -122.40367 55567 82775 300 85125 37.79494 -122.39969 55567 82800 300
193112 1 11372 37.78486 -122.41278 55568 56468 300 4796 37.77179 -122.40164 55568 58304 300
194604 0 8326 37.78681 -122.4351 55703 82744 300 100425 37.79173 -122.39829 55703 82800 300
339527 1 4237 37.78106 -122.39553 55704 56604 300 14796 37.79173 -122.40388 55704 58437 300
229069 0 36315 37.78806 -122.44048 55801 82724 300 111704 37.79097 -122.39294 55801 82800 300
161216 1 128388 37.791084999999995 -122.408995 55808 56708 300 62003 37.61465 -122.38986 55808 58876 300
273207 0 58939 37.80228 -122.4015 55949 82393 300 62140 37.61792 -122.38669 55949 82800 300
160456 1 11422 37.79744 -122.41039 55961 56861 300 13232 37.76457 -122.42756 55961 58739 300
108997 0 100424 37.77559 -122.41871 56072 82759 300 14928 37.78835 -122.39936 56072 82800 300
148424 1 7910 37.76613 -122.42883 56073 56973 300 36223 37.74384 -122.42432 56073 58818 300
230382 0 11397 37.79364 -122.43985 56173 82765 300 3153 37.78611 -122.45586 56173 82800 300
283450 1 6922 37.77319 -122.44421 56175 57075 300 3098 37.74392 -122.49832 56175 58999 300
248891 0 62239 37.61651 -122.3879 56267 82429 300 77410 37.79198 -122.3978 56267 82800 300
305358 1 65802 37.80324 -122.43188 56268 57168 300 3113 37.79336 -122.39878 56268 59028 300
24414 0 56475 37.80619 -122.40514 56426 82763 300 96388 37.78859 -122.39905 56426 82800 300
298627 1 117119 37.77272 -122.40726 56430 57330 300 100472 37.7873 -122.40335 56430 59169 300
316498 0 119070 37.78492 -122.44835 56532 82407 300 109593 37.61595 -122.39022 56532 82800 300
291514 1 11750 37.733 -122.42763 56535 57435 300 35912 37.74821 -122.4182 56535 59268 300
184769 0 65770 37.78848 -122.4107 56691 82759 300 6769 37.80139 -122.40162 56691 82800 300
18823 1 13390 37.8031 -122.43746 56694 57594 300 4730 37.79003 -122.40219 56694 59462 300
157133 0 87186 37.78487 -122.40064 56822 82738 300 10270 37.79092 -122.43256 56822 82800 300
88471 1 129472 37.787957500000005 -122.403375 56823 57723 300 11657 37.71793 -122.46354 56823 59707 300
13580 0 1419 37.77874 -122.42335 56951 82759 300 65758 37.79153 -122.41242 56951 82800 300
296525 1 3124 37.79183 -122.41081 56956 57856 300 91496 37.79399 -122.39554 56956 59683 300
221443 0 8076 37.78111 -122.4272 57077 82697 300 8883 37.76323 -122.48461 57077 82800 300
214778 1 8329 37.78618 -122.44002 57078 57978 300 106778 37.78691 -122.42673 57078 59800 300
333167 0 36221 37.74543 -122.42447 57224 82700 300 105053 37.78178 -122.39199 57224 82800 300
231962 1 11191 37.79474 -122.40973 57227 58127 300 44400 37.61745 -122.38657 57227 60319 300
54719 0 8086 37.79221 -122.42944 57340 82755 300 121454 37.78756 -122.40658 57340 82800 300
185516 1 11764 37.80014 -122.42649 57345 58245 300 5422 37.78588 -122.39937 57345 60105 300
271443 0 62241 37.61609 -122.38849 57468 82443 300 95434 37.78601 -122.41133 57468 82800 300
65953 1 18056 37.78571 -122.40622 57471 58371 300 8907 37.80217 -122.40298 57471 60207 300
332189 0 14795 37.79194 -122.40219 57599 82776 300 2130 37.78309 -122.39362 57599 82800 300
6106 1 6367 37.77397 -122.43082 57604 58504 300 129711 37.78093 -122.413655 57604 60339 300
4799 0 11370 37.78507 -122.41114 57733 82763 300 65530 37.80335 -122.4164 57733 82800 300
158495 1 12863 37.80463 -122.41004 57735 58635 300 8906 37.80231 -122.40179 57735 60453 300
255100 0 9903 37.78528 -122.40951 57820 82756 300 112077 37.79323 -122.42793 57820 82800 300
338161 1 12135 37.79522 -122.40584 57822 58722 300 7214 37.78479 -122.44025 57822 60588 300
92268 0 14654 37.77527 -122.41591 57936 82777 300 109714 37.76961 -122.40398 57936 82800 300
133840 1 9903 37.78528 -122.40951 57948 58848 300 14804 37.79004 -122.4172 57948 60669 300
275285 0 8090 37.79678 -122.43037 58107 82780 300 5574 37.78983 -122.43402 58107 82800 300
340321 1 36226 37.76974 -122.42454 58108 59008 300 87770 37.76831 -122.43512 58108 60826 300
321946 0 17172 37.78049 -122.43214 58229 82755 300 7880 37.78663 -122.4064 58229 82800 300
77559 1 5774 37.78123 -122.4188 58230 59130 300 13398 37.75692 -122.40529 58230 60984 300
146599 0 6392 37.77843 -122.39329 58365 82756 300 43520 37.79577 -122.39722 58365 82800 300
164512 1 35975 37.78035 -122.48044 58374 59274 300 7103 37.78453 -122.43802 58374 61139 300
295822 0 109472 37.61615 -122.38836 58507 82712 300 59571 37.62756 -122.42541 58507 82800 300
152631 1 66421 37.79245 -122.41242 58508 59408 300 5203 37.79789 -122.40379 58508 61232 300
215453 0 12530 37.73809 -122.50328 58644 82757 300 12520 37.73937 -122.47436 58644 82800 300
20180 1 100351 37.76467 -122.43264 58646 59546 300 62119 37.61473 -122.3858 58646 61690 300
29648 0 103759 37.78619 -122.40984 58799 82442 300 33591 37.61479 -122.38981 58799 82800 300
33811 1 3128 37.79099 -122.4174 58815 59715 300 130823 37.79351749999999 -122.39761 58815 61545 300
301368 0 87635 37.78619 -122.40215 58963 82781 300 17217 37.783 -122.41241 58963 82800 300
336052 1 9563 37.77331 -122.45098 58972 59872 300 3155 37.78597 -122.45696 58972 61702 300
217377 0 87772 37.76828 -122.43573 59145 82749 300 10270 37.79092 -122.43256 59145 82800 300
239755 1 48794 37.78738 -122.39748 59146 60046 300 9479 37.78272 -122.40649 59146 61865 300
105733 0 5887 37.75936 -122.40701 59293 82774 300 87382 37.7601 -122.3963 59293 82800 300
176977 1 8312 37.78974 -122.41207 59300 60200 300 6787 37.79961 -122.41577 59300 62022 300
14934 0 17038 37.77454 -122.40952 59454 82782 300 4796 37.77179 -122.40164 59454 82800 300
319315 1 15994 37.75383 -122.41861 59456 60356 300 16344 37.72184 -122.45513 59456 62246 300
68281 0 7974 37.78761 -122.40229 59606 82752 300 45695 37.769 -122.39544 59606 82800 300
36298 1 4233 37.77752 -122.39112 59607 60507 300 10098 37.7924 -122.39858 59607 62346 300
271987 0 15536 37.77466 -122.44787 59792 82716 300 4731 37.78999 -122.40255 59792 82800 300
323806 1 5417 37.78992 -122.39427 59797 60697 300 33568 37.7749 -122.40087 59797 62536 300
169102 0 85407 37.80039 -122.42455 59901 82759 300 15370 37.79579 -122.40111 59901 82800 300
154773 1 10045 37.78729 -122.42003 59906 60806 300 91507 37.78916 -122.40215 59906 62634 300
313447 0 11436 37.78684 -122.41234 60047 82782 300 10048 37.78962 -122.4205 60047 82800 300
272685 1 87663 37.78869 -122.40522 60063 60963 300 87641 37.79176 -122.39502 60063 62783 300
163442 0 4748 37.78713 -122.42504 60235 82780 300 9551 37.77688 -122.42298 60235 82800 300
92270 1 80290 37.78564 -122.42171 60254 61154 300 35944 37.78138 -122.45774 60254 63008 300
247181 0 100427 37.78674 -122.4046 60380 82781 300 100434 37.79382 -122.39569 60380 82800 300
111000 1 3117 37.79285 -122.40276 60384 61284 300 4245 37.78501 -122.40047 60384 63102 300
67168 0 7335 37.78403 -122.45461 60570 82769 300 12255 37.78347 -122.43896 60570 82800 300
186216 1 11865 37.7794 -122.43697 60582 61482 300 105402 37.76928 -122.465 60582 63336 300
237126 0 130674 37.79384375 -122.39617874999999 60697 82779 300 65747 37.8014 -122.40176 60697 82800 300
46704 1 10160 37.77232 -122.42882 60703 61603 300 6159 37.76823 -122.42077 60703 63423 300
43941 0 119714 37.78427 -122.47644 60852 82731 300 10270 37.79092 -122.43256 60852 82800 300
323807 1 9480 37.78192 -122.40548 60855 61755 300 4796 37.77179 -122.40164 60855 63582 300
211792 0 3114 37.7932 -122.39995 60996 82780 300 130333 37.78756 -122.40813 60996 82800 300
200158 1 14793 37.7921 -122.40093 61000 61900 300 9903 37.78528 -122.40951 61000 63724 300
6108 0 48776 37.77043 -122.40542 61181 82741 300 5471 37.79369 -122.40006 61181 82800 300
92271 1 77938 37.78399 -122.43472 61183 62083 300 10463 37.78153 -122.42391 61183 63905 300
163940 0 3376 37.76089 -122.43502 61367 82744 300 109715 37.77011 -122.4038 61367 82800 300
42967 1 11969 37.79259 -122.41942 61375 62275 300 104640 37.7957 -122.3965 61375 64110 300
148034 0 14003 37.78121 -122.43397 61542 82748 300 35952 37.78097 -122.46642 61542 82800 300
327974 1 3151 37.78625 -122.45477 61544 62444 300 8291 37.77674 -122.47482 61544 64289 300
32990 0 130107 37.793675 -122.417945 61705 82762 300 48539 37.78521 -122.40285 61705 82800 300
171371 1 62105 37.61645 -122.38803 61710 62610 300 74693 37.63798 -122.40069 61710 64525 300
232690 0 6159 37.76823 -122.42077 61898 82746 300 2129 37.78358 -122.39296 61898 82800 300
187671 1 12970 37.78321 -122.41076 61901 62801 300 65216 37.77325 -122.40453 61901 64635 300
101098 0 10334 37.72617 -122.4041 62052 82714 300 93863 37.71628 -122.4503 62052 82800 300
103975 1 61933 37.61545 -122.39738 62054 62954 300 4738 37.78901 -122.41025 62054 65106 300
95024 0 10098 37.7924 -122.39858 62229 82752 300 2652 37.78836 -122.43035 62229 82800 300
274449 1 87176 37.7824 -122.4007 62248 63148 300 91502 37.79378 -122.39649 62248 64981 300
26660 0 10169 37.77021 -122.44535 62440 82782 300 10163 37.77169 -122.43374 62440 82800 300
276068 1 13630 37.78489 -122.46241 62441 63341 300 130823 37.79351749999999 -122.39761 6