Iters cost cost cost ...
x1 = [172989.0; 183987.0; 204426.0; 194616.0; 192186.0; 207135.0; 194661.0; 214119.0; 189333.0; 187659.0];
x0 = [167679.0; 157491.0; 153765.0; 149022.0; 158715.0; 159507.0; 160704.0; 170496.0; 160632.0; 152739.0];
x3 = [230859.0; 248868.0; 264123.0; 224469.0; 264393.0; 258435.0; 224955.0; 238563.0; 255663.0; 238257.0];
x2 = [238833.0; 242568.0; 246285.0; 232875.0; 243981.0; 215208.0; 228852.0; 243144.0; 230283.0; 228276.0];
x5 = [193563.0; 200268.0; 191241.0; 165123.0; 197667.0; 186795.0; 218916.0; 209880.0; 184149.0; 192879.0];
x4 = [229878.0; 213498.0; 188847.0; 249120.0; 246114.0; 235710.0; 198981.0; 205758.0; 230805.0; 221274.0];
x7 = [264438.0; 246510.0; 248661.0; 233820.0; 244665.0; 181629.0; 236691.0; 230697.0; 236313.0; 239049.0];
x6 = [216036.0; 202806.0; 226908.0; 236529.0; 227385.0; 245727.0; 237645.0; 238617.0; 241911.0; 261090.0];

