Iters cost cost cost ...
x0 = [146709.0; 149580.0; 145116.0; 146286.0; 146682.0; 148788.0; 155043.0; 155439.0; 157968.0; 148833.0];
x1 = [145305.0; 153396.0; 150012.0; 151542.0; 145449.0; 155115.0; 149733.0; 155556.0; 153648.0; 149274.0];
x2 = [223542.0; 245043.0; 258012.0; 253053.0; 245862.0; 227169.0; 276138.0; 210276.0; 249183.0; 215073.0];
x3 = [235485.0; 225567.0; 245898.0; 236520.0; 258003.0; 227808.0; 254511.0; 256878.0; 242370.0; 241839.0];
x4 = [165087.0; 155853.0; 162774.0; 163728.0; 174699.0; 186687.0; 177507.0; 171351.0; 163467.0; 165816.0];
x5 = [181170.0; 168327.0; 172764.0; 157311.0; 174294.0; 174411.0; 189684.0; 166617.0; 166500.0; 179100.0];
x6 = [252963.0; 239544.0; 227997.0; 272250.0; 236241.0; 260127.0; 228726.0; 237492.0; 208971.0; 262953.0];
x7 = [217953.0; 246870.0; 234720.0; 231417.0; 253242.0; 240984.0; 237132.0; 250506.0; 245826.0; 234270.0];

