#nb trucks
2
#intermediate truck points
2 8 6 9 3 10 4 14 0 16 17 18 19 20 15
#truck (depot,  terminus)
1 5
11 12
#nb trailers
2
#intermediate trailer points
3 10 4 14 0 16 17 18 19 20 15
#trailer (depot, terminus)
2 6
8 9
#nb containers
2
#intermediate container points
4 14 0 16 17 18 19 20 15
#container (depot, terminus)
3 7
10 13
#nb returned container depots
3
#return-depot container
17 18 19
#export empty
1
4 0
#import empty
1
16
#export laden
1
20 15 0
#import laden
1
0 14 1
#nb Logical points
21
#time window
0 4 558 1
1 0 1000 0
2 0 1000 2
3 17 519 1
4 22 527 1
5 0 1000 0
6 0 1000 2
7 0 1000 1
8 0 1000 2
9 0 1000 2
10 0 1000 1
11 0 1000 0
12 0 1000 0
13 0 1000 1
14 10 514 1
15 24 527 1
16 10 514 1
17 0 1000 1
18 0 1000 1
19 0 1000 1
20 22 524 1
#distances
420
0 1 3
0 2 2
0 3 3
0 4 5
0 5 3
0 6 2
0 7 3
0 8 20
0 9 20
0 10 4
0 11 21
0 12 21
0 13 4
0 14 4
0 15 35
0 16 29
0 17 24
0 18 38
0 19 24
0 20 23
1 0 5
1 2 2
1 3 3
1 4 6
1 5 0
1 6 2
1 7 3
1 8 29
1 9 29
1 10 5
1 11 21
1 12 21
1 13 5
1 14 5
1 15 37
1 16 37
1 17 34
1 18 26
1 19 33
1 20 23
2 0 3
2 1 5
2 3 5
2 4 4
2 5 5
2 6 0
2 7 5
2 8 35
2 9 35
2 10 4
2 11 30
2 12 30
2 13 4
2 14 3
2 15 29
2 16 38
2 17 29
2 18 38
2 19 28
2 20 29
3 0 2
3 1 5
3 2 3
3 4 3
3 5 5
3 6 3
3 7 0
3 8 21
3 9 21
3 10 3
3 11 20
3 12 20
3 13 3
3 14 4
3 15 31
3 16 25
3 17 38
3 18 33
3 19 33
3 20 30
4 0 6
4 1 5
4 2 3
4 3 5
4 5 5
4 6 3
4 7 5
4 8 38
4 9 38
4 10 4
4 11 34
4 12 34
4 13 4
4 14 3
4 15 33
4 16 26
4 17 22
4 18 35
4 19 23
4 20 28
5 0 5
5 1 0
5 2 2
5 3 3
5 4 6
5 6 2
5 7 3
5 8 29
5 9 29
5 10 5
5 11 21
5 12 21
5 13 5
5 14 5
5 15 21
5 16 37
5 17 34
5 18 26
5 19 33
5 20 23
6 0 3
6 1 5
6 2 0
6 3 5
6 4 4
6 5 5
6 7 5
6 8 35
6 9 35
6 10 4
6 11 30
6 12 30
6 13 4
6 14 3
6 15 29
6 16 38
6 17 29
6 18 38
6 19 28
6 20 29
7 0 2
7 1 5
7 2 3
7 3 0
7 4 3
7 5 5
7 6 3
7 8 21
7 9 21
7 10 3
7 11 20
7 12 20
7 13 3
7 14 4
7 15 31
7 16 25
7 17 38
7 18 33
7 19 33
7 20 30
8 0 37
8 1 33
8 2 27
8 3 39
8 4 33
8 5 33
8 6 27
8 7 39
8 9 0
8 10 20
8 11 5
8 12 5
8 13 20
8 14 20
8 15 5
8 16 4
8 17 5
8 18 5
8 19 2
8 20 6
9 0 37
9 1 33
9 2 27
9 3 39
9 4 33
9 5 33
9 6 27
9 7 39
9 8 0
9 10 20
9 11 5
9 12 5
9 13 20
9 14 20
9 15 5
9 16 4
9 17 5
9 18 5
9 19 2
9 20 6
10 0 6
10 1 6
10 2 6
10 3 2
10 4 5
10 5 6
10 6 6
10 7 2
10 8 39
10 9 39
10 11 36
10 12 36
10 13 0
10 14 2
10 15 26
10 16 23
10 17 25
10 18 25
10 19 34
10 20 34
11 0 39
11 1 26
11 2 30
11 3 31
11 4 34
11 5 26
11 6 30
11 7 31
11 8 6
11 9 6
11 10 39
11 12 0
11 13 39
11 14 28
11 15 6
11 16 6
11 17 3
11 18 5
11 19 2
11 20 3
12 0 39
12 1 26
12 2 30
12 3 31
12 4 34
12 5 26
12 6 30
12 7 31
12 8 6
12 9 6
12 10 39
12 11 0
12 13 39
12 14 28
12 15 6
12 16 6
12 17 3
12 18 5
12 19 2
12 20 3
13 0 6
13 1 6
13 2 6
13 3 2
13 4 5
13 5 6
13 6 6
13 7 2
13 8 39
13 9 39
13 10 0
13 11 36
13 12 36
13 14 2
13 15 26
13 16 23
13 17 25
13 18 25
13 19 34
13 20 34
14 0 2
14 1 5
14 2 5
14 3 2
14 4 3
14 5 5
14 6 5
14 7 2
14 8 21
14 9 21
14 10 3
14 11 20
14 12 20
14 13 3
14 15 23
14 16 37
14 17 32
14 18 36
14 19 31
14 20 27
15 0 36
15 1 31
15 2 39
15 3 23
15 4 39
15 5 31
15 6 39
15 7 23
15 8 3
15 9 3
15 10 24
15 11 4
15 12 4
15 13 24
15 14 30
15 16 2
15 17 4
15 18 5
15 19 3
15 20 6
16 0 30
16 1 22
16 2 39
16 3 33
16 4 39
16 5 22
16 6 39
16 7 33
16 8 3
16 9 3
16 10 28
16 11 2
16 12 2
16 13 28
16 14 33
16 15 6
16 17 4
16 18 4
16 19 4
16 20 3
17 0 33
17 1 37
17 2 23
17 3 37
17 4 30
17 5 37
17 6 23
17 7 37
17 8 6
17 9 6
17 10 37
17 11 4
17 12 4
17 13 37
17 14 27
17 15 2
17 16 6
17 18 6
17 19 5
17 20 5
18 0 23
18 1 25
18 2 34
18 3 37
18 4 32
18 5 25
18 6 34
18 7 37
18 8 2
18 9 2
18 10 38
18 11 6
18 12 6
18 13 38
18 14 39
18 15 4
18 16 2
18 17 5
18 19 5
18 20 6
19 0 39
19 1 29
19 2 31
19 3 39
19 4 23
19 5 29
19 6 31
19 7 39
19 8 6
19 9 6
19 10 39
19 11 6
19 12 6
19 13 39
19 14 31
19 15 4
19 16 6
19 17 6
19 18 2
19 20 2
20 0 30
20 1 25
20 2 28
20 3 28
20 4 37
20 5 25
20 6 28
20 7 28
20 8 2
20 9 2
20 10 20
20 11 2
20 12 2
20 13 20
20 14 36
20 15 2
20 16 5
20 17 4
20 18 3
20 19 2
