#nb trucks
4
#intermediate truck points
2 23 24 10 16 5 0 22 13 4 14 8 12 17 7 11 18 
#truck (depot,  terminus)
19 3
15 1
9 20
6 21
#nb trailers
4
#intermediate trailer points
13 4 14 8 12 17 7 11 18 
#trailer (depot,  terminus)
2 16
23 5
24 0
10 22
#nb containers(for export empty request): the emptyContainer must be pickup at each one
1
#intermediate Container points
14 8 12 17 7 11 18 
#Container (depot,  terminus)
13 4
#nb returned container depots (for import empty request): the emptyContainer must be delivery at each one
1
#return-depot container
14 
#export empty: [warehouse isBreakRomooc]
1
8 0
#import empty: [warehouse]
1
17 0
#export laden: [warehouse port isBreakRomooc]
1
12 11 0
#import laden: [port warehouse isBreakRomooc]
1
18 7 0
#nb Logical points
25
#time window: [pointId earliestArrivalTime latestArrivalTime servingTime]
0 0 1000000 0
1 0 1000000 0
2 0 1000000 0
3 0 1000000 0
4 0 1000000 0
5 0 1000000 0
6 0 1000000 0
7 904 904 2
8 270 270 2
9 0 1000000 0
10 0 1000000 0
11 0 122 2
12 84 100000 2
13 256 256 2
14 0 648 2
15 0 1000000 0
16 0 1000000 0
17 632 100000 2
18 870 870 2
19 0 1000000 0
20 0 1000000 0
21 0 1000000 0
22 0 1000000 0
23 0 1000000 0
24 0 1000000 0
#travel distance(time) matrix:[from to travelTime]
600
0 1 16
0 2 12
0 3 8
0 4 35
0 5 24
0 6 15
0 7 6
0 8 2
0 9 24
0 10 21
0 11 23
0 12 32
0 13 3
0 14 31
0 15 36
0 16 29
0 17 11
0 18 21
0 19 9
0 20 32
0 21 9
0 22 4
0 23 6
0 24 16
1 0 39
1 2 30
1 3 11
1 4 14
1 5 28
1 6 4
1 7 7
1 8 22
1 9 35
1 10 14
1 11 37
1 12 13
1 13 8
1 14 10
1 15 12
1 16 12
1 17 33
1 18 35
1 19 2
1 20 10
1 21 12
1 22 33
1 23 36
1 24 24
2 0 11
2 1 6
2 3 36
2 4 37
2 5 32
2 6 9
2 7 8
2 8 34
2 9 14
2 10 19
2 11 19
2 12 24
2 13 7
2 14 23
2 15 2
2 16 21
2 17 4
2 18 23
2 19 29
2 20 30
2 21 28
2 22 25
2 23 15
2 24 6
3 0 35
3 1 40
3 2 12
3 4 5
3 5 30
3 6 15
3 7 31
3 8 36
3 9 9
3 10 8
3 11 5
3 12 12
3 13 37
3 14 35
3 15 41
3 16 14
3 17 25
3 18 10
3 19 13
3 20 37
3 21 20
3 22 25
3 23 41
3 24 8
4 0 21
4 1 3
4 2 28
4 3 19
4 5 31
4 6 39
4 7 20
4 8 29
4 9 4
4 10 26
4 11 19
4 12 37
4 13 28
4 14 14
4 15 40
4 16 21
4 17 34
4 18 15
4 19 23
4 20 41
4 21 3
4 22 6
4 23 23
4 24 33
5 0 4
5 1 15
5 2 37
5 3 41
5 4 24
5 6 13
5 7 2
5 8 33
5 9 35
5 10 14
5 11 22
5 12 41
5 13 13
5 14 25
5 15 39
5 16 29
5 17 38
5 18 11
5 19 18
5 20 6
5 21 26
5 22 8
5 23 20
5 24 32
6 0 34
6 1 7
6 2 30
6 3 40
6 4 31
6 5 7
6 7 35
6 8 38
6 9 27
6 10 37
6 11 40
6 12 16
6 13 6
6 14 16
6 15 7
6 16 39
6 17 34
6 18 27
6 19 15
6 20 10
6 21 3
6 22 33
6 23 35
6 24 8
7 0 38
7 1 16
7 2 29
7 3 4
7 4 37
7 5 11
7 6 31
7 8 17
7 9 37
7 10 19
7 11 38
7 12 12
7 13 28
7 14 25
7 15 28
7 16 33
7 17 18
7 18 2
7 19 24
7 20 22
7 21 11
7 22 20
7 23 4
7 24 36
8 0 21
8 1 32
8 2 19
8 3 3
8 4 37
8 5 29
8 6 13
8 7 21
8 9 40
8 10 36
8 11 40
8 12 11
8 13 17
8 14 27
8 15 29
8 16 27
8 17 22
8 18 17
8 19 12
8 20 11
8 21 15
8 22 40
8 23 4
8 24 32
9 0 12
9 1 8
9 2 11
9 3 23
9 4 26
9 5 7
9 6 23
9 7 28
9 8 34
9 10 31
9 11 15
9 12 9
9 13 29
9 14 24
9 15 8
9 16 22
9 17 24
9 18 13
9 19 8
9 20 23
9 21 24
9 22 11
9 23 41
9 24 3
10 0 27
10 1 10
10 2 2
10 3 8
10 4 19
10 5 16
10 6 40
10 7 20
10 8 39
10 9 19
10 11 12
10 12 7
10 13 15
10 14 21
10 15 41
10 16 20
10 17 12
10 18 5
10 19 29
10 20 14
10 21 33
10 22 31
10 23 26
10 24 7
11 0 10
11 1 37
11 2 39
11 3 4
11 4 24
11 5 38
11 6 31
11 7 36
11 8 39
11 9 21
11 10 22
11 12 23
11 13 20
11 14 22
11 15 36
11 16 4
11 17 37
11 18 33
11 19 39
11 20 18
11 21 23
11 22 40
11 23 25
11 24 8
12 0 30
12 1 13
12 2 27
12 3 8
12 4 37
12 5 37
12 6 36
12 7 37
12 8 18
12 9 9
12 10 27
12 11 38
12 13 29
12 14 11
12 15 13
12 16 11
12 17 21
12 18 21
12 19 11
12 20 4
12 21 39
12 22 36
12 23 19
12 24 25
13 0 4
13 1 28
13 2 41
13 3 12
13 4 21
13 5 6
13 6 17
13 7 11
13 8 14
13 9 13
13 10 28
13 11 25
13 12 36
13 14 14
13 15 5
13 16 36
13 17 4
13 18 20
13 19 23
13 20 25
13 21 10
13 22 11
13 23 5
13 24 11
14 0 10
14 1 37
14 2 21
14 3 35
14 4 15
14 5 17
14 6 26
14 7 18
14 8 6
14 9 25
14 10 36
14 11 33
14 12 14
14 13 10
14 15 6
14 16 33
14 17 22
14 18 15
14 19 12
14 20 23
14 21 18
14 22 30
14 23 7
14 24 23
15 0 12
15 1 36
15 2 39
15 3 41
15 4 35
15 5 28
15 6 36
15 7 25
15 8 35
15 9 2
15 10 32
15 11 16
15 12 40
15 13 38
15 14 20
15 16 17
15 17 16
15 18 28
15 19 14
15 20 14
15 21 37
15 22 41
15 23 4
15 24 40
16 0 27
16 1 32
16 2 31
16 3 28
16 4 12
16 5 10
16 6 15
16 7 27
16 8 5
16 9 35
16 10 31
16 11 19
16 12 21
16 13 41
16 14 29
16 15 17
16 17 18
16 18 8
16 19 24
16 20 16
16 21 15
16 22 25
16 23 22
16 24 10
17 0 22
17 1 25
17 2 17
17 3 29
17 4 38
17 5 29
17 6 6
17 7 41
17 8 9
17 9 12
17 10 18
17 11 22
17 12 13
17 13 12
17 14 16
17 15 3
17 16 29
17 18 30
17 19 19
17 20 33
17 21 35
17 22 22
17 23 29
17 24 14
18 0 4
18 1 35
18 2 18
18 3 13
18 4 24
18 5 5
18 6 20
18 7 34
18 8 20
18 9 20
18 10 11
18 11 35
18 12 22
18 13 12
18 14 17
18 15 34
18 16 36
18 17 30
18 19 15
18 20 32
18 21 26
18 22 27
18 23 32
18 24 4
19 0 14
19 1 41
19 2 40
19 3 8
19 4 18
19 5 24
19 6 8
19 7 12
19 8 21
19 9 6
19 10 17
19 11 4
19 12 38
19 13 22
19 14 34
19 15 36
19 16 6
19 17 32
19 18 39
19 20 20
19 21 24
19 22 26
19 23 8
19 24 15
20 0 16
20 1 27
20 2 20
20 3 21
20 4 22
20 5 16
20 6 40
20 7 25
20 8 22
20 9 8
20 10 41
20 11 4
20 12 20
20 13 34
20 14 33
20 15 32
20 16 25
20 17 38
20 18 16
20 19 41
20 21 5
20 22 17
20 23 11
20 24 21
21 0 16
21 1 18
21 2 34
21 3 21
21 4 25
21 5 33
21 6 24
21 7 3
21 8 41
21 9 7
21 10 4
21 11 27
21 12 5
21 13 17
21 14 39
21 15 39
21 16 15
21 17 22
21 18 33
21 19 2
21 20 8
21 22 32
21 23 21
21 24 30
22 0 20
22 1 15
22 2 13
22 3 8
22 4 33
22 5 33
22 6 27
22 7 9
22 8 5
22 9 38
22 10 22
22 11 8
22 12 20
22 13 23
22 14 21
22 15 3
22 16 3
22 17 30
22 18 27
22 19 5
22 20 4
22 21 9
22 23 23
22 24 9
23 0 22
23 1 16
23 2 14
23 3 20
23 4 32
23 5 38
23 6 16
23 7 17
23 8 41
23 9 5
23 10 36
23 11 22
23 12 15
23 13 26
23 14 32
23 15 35
23 16 35
23 17 39
23 18 41
23 19 11
23 20 37
23 21 7
23 22 27
23 24 34
24 0 18
24 1 4
24 2 5
24 3 15
24 4 22
24 5 20
24 6 13
24 7 12
24 8 39
24 9 10
24 10 27
24 11 24
24 12 32
24 13 25
24 14 21
24 15 13
24 16 6
24 17 36
24 18 31
24 19 29
24 20 19
24 21 8
24 22 12
24 23 40
