#nb trucks
2
#intermediate truck points
13 6 17 19 10 1 12 18 8 9 3 0 20 14 2 5 4 
#truck (depot,  terminus)
7 16
11 15
#nb trailers
2
#intermediate trailer points
10 1 12 18 8 9 3 0 20 14 2 5 4 
#trailer (depot,  terminus)
13 17
6 19
#nb containers(for export empty request): the emptyContainer must be pickup at each one
2
#intermediate Container points
8 9 3 0 20 14 2 5 4 
#Container (depot,  terminus)
10 12
1 18
#nb returned container depots (for import empty request): the emptyContainer must be delivery at each one
3
#return-depot container
8 9 3 
#export empty: [warehouse isBreakRomooc]
1
0 0
#import empty: [warehouse]
1
14
#export laden: [warehouse port isBreakRomooc]
1
20 5 0
#import laden: [port warehouse isBreakRomooc]
1
4 2 0
#nb Logical points
21
#time window: [pointId earliestArrivalTime latestArrivalTime servingTime]
0 467 517 2
1 445 495 2
2 299 349 2
3 0 1000000 0
4 272 322 2
5 0 190 2
6 0 1000000 0
7 0 1000000 0
8 0 386 2
9 0 1000000 0
10 0 1000000 0
11 0 1000000 0
12 0 1000000 0
13 0 1000000 0
14 325 100000 2
15 0 1000000 0
16 0 1000000 0
17 0 1000000 0
18 0 1000000 0
19 0 1000000 0
20 100 100000 2
#travel distance(time) matrix:[from to travelTime]
420
0 1 22
0 2 12
0 3 29
0 4 5
0 5 4
0 6 4
0 7 25
0 8 33
0 9 39
0 10 27
0 11 16
0 12 10
0 13 33
0 14 22
0 15 31
0 16 19
0 17 5
0 18 12
0 19 35
0 20 35
1 0 22
1 2 9
1 3 25
1 4 37
1 5 39
1 6 24
1 7 30
1 8 31
1 9 2
1 10 12
1 11 5
1 12 36
1 13 29
1 14 35
1 15 7
1 16 6
1 17 15
1 18 16
1 19 4
1 20 27
2 0 12
2 1 9
2 3 39
2 4 27
2 5 4
2 6 15
2 7 32
2 8 28
2 9 30
2 10 16
2 11 3
2 12 41
2 13 15
2 14 16
2 15 38
2 16 22
2 17 29
2 18 12
2 19 32
2 20 8
3 0 29
3 1 25
3 2 39
3 4 5
3 5 40
3 6 19
3 7 6
3 8 8
3 9 27
3 10 15
3 11 13
3 12 30
3 13 12
3 14 25
3 15 14
3 16 26
3 17 33
3 18 33
3 19 17
3 20 17
4 0 5
4 1 37
4 2 27
4 3 5
4 5 25
4 6 4
4 7 13
4 8 16
4 9 26
4 10 25
4 11 36
4 12 19
4 13 4
4 14 21
4 15 39
4 16 20
4 17 29
4 18 8
4 19 32
4 20 31
5 0 4
5 1 39
5 2 4
5 3 40
5 4 25
5 6 18
5 7 24
5 8 12
5 9 20
5 10 32
5 11 13
5 12 32
5 13 39
5 14 7
5 15 40
5 16 29
5 17 27
5 18 26
5 19 39
5 20 40
6 0 4
6 1 24
6 2 15
6 3 19
6 4 4
6 5 18
6 7 39
6 8 7
6 9 38
6 10 30
6 11 23
6 12 8
6 13 6
6 14 8
6 15 11
6 16 35
6 17 16
6 18 32
6 19 33
6 20 5
7 0 25
7 1 30
7 2 32
7 3 6
7 4 13
7 5 24
7 6 39
7 8 10
7 9 7
7 10 13
7 11 18
7 12 18
7 13 29
7 14 3
7 15 31
7 16 24
7 17 32
7 18 17
7 19 31
7 20 24
8 0 33
8 1 31
8 2 28
8 3 8
8 4 16
8 5 12
8 6 7
8 7 10
8 9 35
8 10 41
8 11 20
8 12 39
8 13 37
8 14 11
8 15 40
8 16 32
8 17 4
8 18 26
8 19 20
8 20 23
9 0 39
9 1 2
9 2 30
9 3 27
9 4 26
9 5 20
9 6 38
9 7 7
9 8 35
9 10 22
9 11 22
9 12 21
9 13 15
9 14 21
9 15 9
9 16 6
9 17 7
9 18 31
9 19 20
9 20 32
10 0 27
10 1 12
10 2 16
10 3 15
10 4 25
10 5 32
10 6 30
10 7 13
10 8 41
10 9 22
10 11 28
10 12 7
10 13 19
10 14 14
10 15 2
10 16 27
10 17 15
10 18 37
10 19 37
10 20 8
11 0 16
11 1 5
11 2 3
11 3 13
11 4 36
11 5 13
11 6 23
11 7 18
11 8 20
11 9 22
11 10 28
11 12 14
11 13 22
11 14 24
11 15 5
11 16 12
11 17 40
11 18 33
11 19 9
11 20 36
12 0 10
12 1 36
12 2 41
12 3 30
12 4 19
12 5 32
12 6 8
12 7 18
12 8 39
12 9 21
12 10 7
12 11 14
12 13 18
12 14 38
12 15 20
12 16 6
12 17 2
12 18 17
12 19 10
12 20 26
13 0 33
13 1 29
13 2 15
13 3 12
13 4 4
13 5 39
13 6 6
13 7 29
13 8 37
13 9 15
13 10 19
13 11 22
13 12 18
13 14 25
13 15 29
13 16 25
13 17 35
13 18 37
13 19 12
13 20 36
14 0 22
14 1 35
14 2 16
14 3 25
14 4 21
14 5 7
14 6 8
14 7 3
14 8 11
14 9 21
14 10 14
14 11 24
14 12 38
14 13 25
14 15 38
14 16 30
14 17 16
14 18 41
14 19 2
14 20 26
15 0 31
15 1 7
15 2 38
15 3 14
15 4 39
15 5 40
15 6 11
15 7 31
15 8 40
15 9 9
15 10 2
15 11 5
15 12 20
15 13 29
15 14 38
15 16 30
15 17 13
15 18 8
15 19 15
15 20 20
16 0 19
16 1 6
16 2 22
16 3 26
16 4 20
16 5 29
16 6 35
16 7 24
16 8 32
16 9 6
16 10 27
16 11 12
16 12 6
16 13 25
16 14 30
16 15 30
16 17 5
16 18 24
16 19 37
16 20 8
17 0 5
17 1 15
17 2 29
17 3 33
17 4 29
17 5 27
17 6 16
17 7 32
17 8 4
17 9 7
17 10 15
17 11 40
17 12 2
17 13 35
17 14 16
17 15 13
17 16 5
17 18 30
17 19 27
17 20 22
18 0 12
18 1 16
18 2 12
18 3 33
18 4 8
18 5 26
18 6 32
18 7 17
18 8 26
18 9 31
18 10 37
18 11 33
18 12 17
18 13 37
18 14 41
18 15 8
18 16 24
18 17 30
18 19 24
18 20 21
19 0 35
19 1 4
19 2 32
19 3 17
19 4 32
19 5 39
19 6 33
19 7 31
19 8 20
19 9 20
19 10 37
19 11 9
19 12 10
19 13 12
19 14 2
19 15 15
19 16 37
19 17 27
19 18 24
19 20 41
20 0 35
20 1 27
20 2 8
20 3 17
20 4 31
20 5 40
20 6 5
20 7 24
20 8 23
20 9 32
20 10 8
20 11 36
20 12 26
20 13 36
20 14 26
20 15 20
20 16 8
20 17 22
20 18 21
20 19 41
